{
 "cells": [
  {
   "cell_type": "markdown",
   "metadata": {},
   "source": [
    "Δ_class"
   ]
  },
  {
   "cell_type": "code",
   "execution_count": 2,
   "metadata": {},
   "outputs": [
    {
     "name": "stdout",
     "output_type": "stream",
     "text": [
      "Round 1, Metrics: OrderedDict([('broadcast', ()), ('aggregation', OrderedDict([('value_sum_process', ()), ('weight_sum_process', ())])), ('train', OrderedDict([('sparse_categorical_accuracy', 0.84315), ('loss', 0.57781976)]))])\n",
      "Round 1 Distance Matrix:\n",
      "[[    0.         32516.48098537 34038.22491044 39680.4895935\n",
      "  40924.60380177 46010.488301   49297.26543936 53179.54977268\n",
      "  56542.46110199 60231.67936875]\n",
      " [32516.48098537     0.          1628.40650062  7228.79097037\n",
      "   8538.29363949 13617.68482934 16925.13146126 20817.83760518\n",
      "  24196.66041341 27896.22158629]\n",
      " [34038.22491044  1628.40650062     0.          5652.96349885\n",
      "   6941.03909763 12030.67745648 15336.88027997 19230.64509207\n",
      "  22608.7333504  26308.50387613]\n",
      " [39680.4895935   7228.79097037  5652.96349885     0.\n",
      "   1363.31732779  6390.09956843  9697.40879114 13589.41211196\n",
      "  16968.27010797 20667.6858782 ]\n",
      " [40924.60380177  8538.29363949  6941.03909763  1363.31732779\n",
      "      0.          5094.01149378  8397.54473356 12291.20675885\n",
      "  15668.63548016 19368.28853666]\n",
      " [46010.488301   13617.68482934 12030.67745648  6390.09956843\n",
      "   5094.01149378     0.          3307.45542194  7200.53155594\n",
      "  10579.18809911 14278.90724331]\n",
      " [49297.26543936 16925.13146126 15336.88027997  9697.40879114\n",
      "   8397.54473356  3307.45542194     0.          3893.78762337\n",
      "   7272.02480684 10971.80889527]\n",
      " [53179.54977268 20817.83760518 19230.64509207 13589.41211196\n",
      "  12291.20675885  7200.53155594  3893.78762337     0.\n",
      "   3378.85854601  7078.41654382]\n",
      " [56542.46110199 24196.66041341 22608.7333504  16968.27010797\n",
      "  15668.63548016 10579.18809911  7272.02480684  3378.85854601\n",
      "      0.          3699.78987226]\n",
      " [60231.67936875 27896.22158629 26308.50387613 20667.6858782\n",
      "  19368.28853666 14278.90724331 10971.80889527  7078.41654382\n",
      "   3699.78987226     0.        ]]\n",
      "Round 1, Outliers: [ True  True  True  True  True  True  True  True  True  True]\n",
      "Round 2, Metrics: OrderedDict([('broadcast', ()), ('aggregation', OrderedDict([('value_sum_process', ()), ('weight_sum_process', ())])), ('train', OrderedDict([('sparse_categorical_accuracy', 0.91758335), ('loss', 0.284517)]))])\n",
      "Round 2 Distance Matrix:\n",
      "[[    0.         33070.3408702  34162.39930049 39917.5784766\n",
      "  42747.88743047 44268.1876866  48998.88383167 52983.54703135\n",
      "  57001.21037097 60190.50847728]\n",
      " [33070.3408702      0.          1236.25005822  6914.34474524\n",
      "   9781.32820769 11358.10946605 16082.77203006 20075.49790383\n",
      "  24100.99532489 27306.31822239]\n",
      " [34162.39930049  1236.25005822     0.          5765.22339571\n",
      "   8621.36092537 10184.30472748 14917.56805051 18912.44646707\n",
      "  22939.31783354 26143.52121486]\n",
      " [39917.5784766   6914.34474524  5765.22339571     0.\n",
      "   2868.86376967  4458.99880303  9169.90760946 13161.48737792\n",
      "  17186.69378468 20392.06853058]\n",
      " [42747.88743047  9781.32820769  8621.36092537  2868.86376967\n",
      "      0.          1605.996637    6301.55588561 10294.37744298\n",
      "  14320.43249074 17525.48959387]\n",
      " [44268.1876866  11358.10946605 10184.30472748  4458.99880303\n",
      "   1605.996637       0.          4737.64710649  8732.13845348\n",
      "  12758.85634619 15961.5337918 ]\n",
      " [48998.88383167 16082.77203006 14917.56805051  9169.90760946\n",
      "   6301.55588561  4737.64710649     0.          3995.09966953\n",
      "   8022.08358924 11225.95348968]\n",
      " [52983.54703135 20075.49790383 18912.44646707 13161.48737792\n",
      "  10294.37744298  8732.13845348  3995.09966953     0.\n",
      "   4026.98507019  7231.26621856]\n",
      " [57001.21037097 24100.99532489 22939.31783354 17186.69378468\n",
      "  14320.43249074 12758.85634619  8022.08358924  4026.98507019\n",
      "      0.          3205.56825978]\n",
      " [60190.50847728 27306.31822239 26143.52121486 20392.06853058\n",
      "  17525.48959387 15961.5337918  11225.95348968  7231.26621856\n",
      "   3205.56825978     0.        ]]\n",
      "Round 2, Outliers: [ True  True  True  True  True  True  True  True  True  True]\n"
     ]
    }
   ],
   "source": [
    "import tensorflow_federated as tff\n",
    "import tensorflow as tf\n",
    "import numpy as np\n",
    "from scipy.stats import ks_2samp, chi2_contingency\n",
    "import nest_asyncio\n",
    "\n",
    "nest_asyncio.apply()\n",
    "\n",
    "# Set the local execution context\n",
    "tff.backends.native.set_local_execution_context()\n",
    "\n",
    "# Load and preprocess the MNIST dataset\n",
    "def preprocess(dataset):\n",
    "    return dataset.map(lambda x, y: (tf.cast(x, tf.float32) / 255.0, tf.cast(y, tf.int32)))\n",
    "\n",
    "mnist_train, mnist_test = tf.keras.datasets.mnist.load_data()\n",
    "mnist_train = (mnist_train[0].reshape(-1, 28, 28), mnist_train[1])\n",
    "mnist_test = (mnist_test[0].reshape(-1, 28, 28), mnist_test[1])\n",
    "\n",
    "# Split the data into 10 clients\n",
    "def create_client_data(data, labels, num_clients=10):\n",
    "    client_data = []\n",
    "    client_labels = []\n",
    "    data_per_client = len(data) // num_clients\n",
    "    for i in range(num_clients):\n",
    "        client_data.append(data[i * data_per_client:(i + 1) * data_per_client])\n",
    "        client_labels.append(labels[i * data_per_client:(i + 1) * data_per_client])\n",
    "    return client_data, client_labels\n",
    "\n",
    "client_data, client_labels = create_client_data(mnist_train[0], mnist_train[1])\n",
    "\n",
    "# Define the metrics function\n",
    "def perform_differential_testing(predictions_i, predictions_j):\n",
    "    if predictions_i.ndim == 1:\n",
    "        predictions_i = np.expand_dims(predictions_i, axis=1)\n",
    "    if predictions_j.ndim == 1:\n",
    "        predictions_j = np.expand_dims(predictions_j, axis=1)\n",
    "    \n",
    "    pred_class_i = np.argmax(predictions_i, axis=1)\n",
    "    pred_class_j = np.argmax(predictions_j, axis=1)\n",
    "    \n",
    "    Δ_class = np.sum(pred_class_i != pred_class_j)\n",
    "    Δ_score = np.sum(predictions_i != predictions_j)\n",
    "    P_KS = ks_2samp(predictions_i.flatten(), predictions_j.flatten()).pvalue\n",
    "    contingency = np.array([[np.sum((pred_class_i == k) & (pred_class_j == l)) for l in range(10)] for k in range(10)])\n",
    "    contingency += 1  # Add-one smoothing\n",
    "    P_X2 = chi2_contingency(contingency)[1]\n",
    "\n",
    "    return Δ_class, Δ_score, P_KS, P_X2\n",
    "\n",
    "# Create a simple model\n",
    "def create_model():\n",
    "    return tf.keras.Sequential([\n",
    "        tf.keras.layers.Flatten(input_shape=(28, 28)),\n",
    "        tf.keras.layers.Dense(128, activation='relu'),\n",
    "        tf.keras.layers.Dense(10, activation='softmax')\n",
    "    ])\n",
    "\n",
    "# Create a federated learning process\n",
    "def model_fn():\n",
    "    model = create_model()\n",
    "    return tff.learning.from_keras_model(\n",
    "        model,\n",
    "        input_spec=(tf.TensorSpec(shape=[None, 28, 28], dtype=tf.float32),\n",
    "                    tf.TensorSpec(shape=[None], dtype=tf.int32)),\n",
    "        loss=tf.keras.losses.SparseCategoricalCrossentropy(),\n",
    "        metrics=[tf.keras.metrics.SparseCategoricalAccuracy()])\n",
    "\n",
    "# Define the client optimizer function\n",
    "def client_optimizer_fn():\n",
    "    return tf.keras.optimizers.Nadam(learning_rate=0.001)\n",
    "\n",
    "# Define the federated averaging process\n",
    "iterative_process = tff.learning.build_federated_averaging_process(\n",
    "    model_fn,\n",
    "    client_optimizer_fn=client_optimizer_fn\n",
    ")\n",
    "\n",
    "# Initialize the process\n",
    "state = iterative_process.initialize()\n",
    "\n",
    "# Custom function to determine if a model is an outlier using a DBSCAN-like approach\n",
    "def is_outlier(metric_data, epsilon=0.4, min_samples=3):\n",
    "    num_points = metric_data.shape[0]\n",
    "    distances = np.linalg.norm(metric_data[:, np.newaxis] - metric_data, axis=2)\n",
    "    neighbors = np.sum(distances < epsilon, axis=1)\n",
    "    outliers = neighbors < min_samples\n",
    "    return outliers\n",
    "\n",
    "# Standalone function for preprocessing\n",
    "def preprocess_fn(x, y):\n",
    "    return tf.cast(x, tf.float32) / 255.0, tf.cast(y, tf.int32)\n",
    "\n",
    "# Simulate federated training\n",
    "num_rounds = 2  # Define the number of rounds\n",
    "num_clients = 10  # Define the number of clients\n",
    "\n",
    "for round_num in range(1, num_rounds + 1):\n",
    "    # Create TensorFlow datasets for each client\n",
    "    federated_data = [\n",
    "        tf.data.Dataset.from_tensor_slices((client_data[i], client_labels[i]))\n",
    "        .map(preprocess_fn)\n",
    "        .batch(20)\n",
    "        for i in range(num_clients)\n",
    "    ]\n",
    "    \n",
    "    # Perform a round of federated training\n",
    "    state, metrics = iterative_process.next(state, federated_data)\n",
    "    print(f'Round {round_num}, Metrics: {metrics}')\n",
    "    \n",
    "    # Get predictions for each client\n",
    "    predictions = []\n",
    "    for i in range(num_clients):\n",
    "        model = create_model()\n",
    "        learning_rate = 10.0 if i == 0 else 0.001  # Introduce a bug in the first client\n",
    "        model.compile(optimizer=tf.keras.optimizers.Adam(learning_rate=learning_rate), loss='sparse_categorical_crossentropy', metrics=['accuracy'])\n",
    "        model.fit(client_data[i], client_labels[i], epochs=1, verbose=0)\n",
    "        predictions.append(model.predict(client_data[i]))\n",
    "    \n",
    "    # Initialize the metrics matrix\n",
    "    metrics_matrix = np.zeros((num_clients, 4))\n",
    "    \n",
    "    # Calculate the metrics for each pair of clients\n",
    "    for i in range(num_clients):\n",
    "        for j in range(i + 1, num_clients):\n",
    "            Δ_class, Δ_score, P_KS, P_X2 = perform_differential_testing(predictions[i], predictions[j])\n",
    "            metrics_matrix[i, 0] += Δ_class\n",
    "            metrics_matrix[i, 1] += Δ_score\n",
    "            metrics_matrix[i, 2] += P_KS\n",
    "            metrics_matrix[i, 3] += P_X2\n",
    "    \n",
    "    # Normalize the metrics matrix\n",
    "    metrics_matrix /= num_clients - 1\n",
    "    \n",
    "    # Calculate the distance matrix\n",
    "    distance_matrix = np.linalg.norm(metrics_matrix[:, np.newaxis] - metrics_matrix, axis=2)\n",
    "    \n",
    "    # Print the distance matrix\n",
    "    print(f\"Round {round_num} Distance Matrix:\")\n",
    "    print(distance_matrix)\n",
    "    \n",
    "    # Detect outliers using the custom DBSCAN-like function\n",
    "    outliers = is_outlier(distance_matrix)\n",
    "    print(f'Round {round_num}, Outliers: {outliers}')\n"
   ]
  },
  {
   "cell_type": "code",
   "execution_count": 12,
   "metadata": {},
   "outputs": [
    {
     "name": "stdout",
     "output_type": "stream",
     "text": [
      "Round 1, Metrics: OrderedDict([('broadcast', ()), ('aggregation', OrderedDict([('value_sum_process', ()), ('weight_sum_process', ())])), ('train', OrderedDict([('sparse_categorical_accuracy', 0.83208334), ('loss', 0.59366876)]))])\n",
      "Round 1 Distance Matrix:\n",
      "[[    0.         34040.55745812 33711.02318663 39034.25042463\n",
      "  42685.93373866 45819.79317926 48609.83984972 53181.74959316\n",
      "  56702.27350333 60122.21681852]\n",
      " [34040.55745812     0.           701.84480875  5096.77026896\n",
      "   8767.68167802 11928.31798333 14747.1072841  19314.25368163\n",
      "  22849.08996125 26281.49328724]\n",
      " [33711.02318663   701.84480875     0.          5334.8101708\n",
      "   9006.89882564 12163.45165522 14977.36038    19553.10342565\n",
      "  23087.55648668 26519.64916784]\n",
      " [39034.25042463  5096.77026896  5334.8101708      0.\n",
      "   3675.84301445  6836.127679    9653.82045817 14225.5454763\n",
      "  17760.61926091 21193.17576377]\n",
      " [42685.93373866  8767.68167802  9006.89882564  3675.84301445\n",
      "      0.          3160.85240556  5979.44792596 10549.71680704\n",
      "  14084.80022097 17517.36505818]\n",
      " [45819.79317926 11928.31798333 12163.45165522  6836.127679\n",
      "   3160.85240556     0.          2818.9372252   7390.01724946\n",
      "  10924.91551048 14357.38230376]\n",
      " [48609.83984972 14747.1072841  14977.36038     9653.82045817\n",
      "   5979.44792596  2818.9372252      0.          4577.64170951\n",
      "   8110.63305158 11542.37203631]\n",
      " [53181.74959316 19314.25368163 19553.10342565 14225.5454763\n",
      "  10549.71680704  7390.01724946  4577.64170951     0.\n",
      "   3535.09725537  6967.6730536 ]\n",
      " [56702.27350333 22849.08996125 23087.55648668 17760.61926091\n",
      "  14084.80022097 10924.91551048  8110.63305158  3535.09725537\n",
      "      0.          3432.57594903]\n",
      " [60122.21681852 26281.49328724 26519.64916784 21193.17576377\n",
      "  17517.36505818 14357.38230376 11542.37203631  6967.6730536\n",
      "   3432.57594903     0.        ]]\n",
      "Round 1, Initial Outliers: [ True  True  True  True  True  True  True  True  True  True]\n",
      "No suitable parameters found to identify the first client.\n",
      "Round 2, Metrics: OrderedDict([('broadcast', ()), ('aggregation', OrderedDict([('value_sum_process', ()), ('weight_sum_process', ())])), ('train', OrderedDict([('sparse_categorical_accuracy', 0.90721667), ('loss', 0.31818295)]))])\n",
      "Round 2 Distance Matrix:\n",
      "[[    0.         34300.07178095 33282.94622576 35869.24780317\n",
      "  43082.96648162 46050.84150075 49411.87826902 52119.71468042\n",
      "  56689.66610583 60176.46747578]\n",
      " [34300.07178095     0.          1205.02582349  1936.53667748\n",
      "   8906.2609781  11904.61807572 15284.5523659  18019.21803399\n",
      "  22586.53429302 26085.70822466]\n",
      " [33282.94622576  1205.02582349     0.          2626.3900637\n",
      "   9827.24915266 12817.85617331 16196.86375503 18926.24865212\n",
      "  23500.85374048 26999.79332709]\n",
      " [35869.24780317  1936.53667748  2626.3900637      0.\n",
      "   7217.67119683 10201.44090125 13578.14677617 16305.32164582\n",
      "  20880.66010104 24379.03922482]\n",
      " [43082.96648162  8906.2609781   9827.24915266  7217.67119683\n",
      "      0.          2998.35807382  6378.68708495  9113.03871421\n",
      "  13682.3537427  17181.83865965]\n",
      " [46050.84150075 11904.61807572 12817.85617331 10201.44090125\n",
      "   2998.35807382     0.          3380.85684066  6114.73851851\n",
      "  10685.37860335 14184.86619495]\n",
      " [49411.87826902 15284.5523659  16196.86375503 13578.14677617\n",
      "   6378.68708495  3380.85684066     0.          2735.13228967\n",
      "   7304.70450324 10804.14050055]\n",
      " [52119.71468042 18019.21803399 18926.24865212 16305.32164582\n",
      "   9113.03871421  6114.73851851  2735.13228967     0.\n",
      "   4575.7651809   8073.72498088]\n",
      " [56689.66610583 22586.53429302 23500.85374048 20880.66010104\n",
      "  13682.3537427  10685.37860335  7304.70450324  4575.7651809\n",
      "      0.          3499.50550655]\n",
      " [60176.46747578 26085.70822466 26999.79332709 24379.03922482\n",
      "  17181.83865965 14184.86619495 10804.14050055  8073.72498088\n",
      "   3499.50550655     0.        ]]\n",
      "Round 2, Initial Outliers: [ True  True  True  True  True  True  True  True  True  True]\n",
      "No suitable parameters found to identify the first client.\n"
     ]
    }
   ],
   "source": [
    "import tensorflow_federated as tff\n",
    "import tensorflow as tf\n",
    "import numpy as np\n",
    "from scipy.stats import ks_2samp, chi2_contingency\n",
    "import nest_asyncio\n",
    "\n",
    "nest_asyncio.apply()\n",
    "\n",
    "# Set the local execution context\n",
    "tff.backends.native.set_local_execution_context()\n",
    "\n",
    "# Load and preprocess the MNIST dataset\n",
    "def preprocess(dataset):\n",
    "    return dataset.map(lambda x, y: (tf.cast(x, tf.float32) / 255.0, tf.cast(y, tf.int32)))\n",
    "\n",
    "mnist_train, mnist_test = tf.keras.datasets.mnist.load_data()\n",
    "mnist_train = (mnist_train[0].reshape(-1, 28, 28), mnist_train[1])\n",
    "mnist_test = (mnist_test[0].reshape(-1, 28, 28), mnist_test[1])\n",
    "\n",
    "# Split the data into 10 clients\n",
    "def create_client_data(data, labels, num_clients=10):\n",
    "    client_data = []\n",
    "    client_labels = []\n",
    "    data_per_client = len(data) // num_clients\n",
    "    for i in range(num_clients):\n",
    "        client_data.append(data[i * data_per_client:(i + 1) * data_per_client])\n",
    "        client_labels.append(labels[i * data_per_client:(i + 1) * data_per_client])\n",
    "    return client_data, client_labels\n",
    "\n",
    "client_data, client_labels = create_client_data(mnist_train[0], mnist_train[1])\n",
    "\n",
    "# Define the metrics function\n",
    "def perform_differential_testing(predictions_i, predictions_j):\n",
    "    if predictions_i.ndim == 1:\n",
    "        predictions_i = np.expand_dims(predictions_i, axis=1)\n",
    "    if predictions_j.ndim == 1:\n",
    "        predictions_j = np.expand_dims(predictions_j, axis=1)\n",
    "\n",
    "    pred_class_i = np.argmax(predictions_i, axis=1)\n",
    "    pred_class_j = np.argmax(predictions_j, axis=1)\n",
    "\n",
    "    Δ_class = np.sum(pred_class_i != pred_class_j)\n",
    "    Δ_score = np.sum(predictions_i != predictions_j)\n",
    "    P_KS = ks_2samp(predictions_i.flatten(), predictions_j.flatten()).pvalue\n",
    "    contingency = np.array([[np.sum((pred_class_i == k) & (pred_class_j == l)) for l in range(10)] for k in range(10)])\n",
    "    contingency += 1  # Add-one smoothing\n",
    "    P_X2 = chi2_contingency(contingency)[1]\n",
    "\n",
    "    return Δ_class, Δ_score, P_KS, P_X2\n",
    "\n",
    "# Create a simple model\n",
    "def create_model():\n",
    "    return tf.keras.Sequential([\n",
    "        tf.keras.layers.Flatten(input_shape=(28, 28)),\n",
    "        tf.keras.layers.Dense(128, activation='relu'),\n",
    "        tf.keras.layers.Dense(10, activation='softmax')\n",
    "    ])\n",
    "\n",
    "# Create a federated learning process\n",
    "def model_fn():\n",
    "    model = create_model()\n",
    "    return tff.learning.from_keras_model(\n",
    "        model,\n",
    "        input_spec=(tf.TensorSpec(shape=[None, 28, 28], dtype=tf.float32),\n",
    "                    tf.TensorSpec(shape=[None], dtype=tf.int32)),\n",
    "        loss=tf.keras.losses.SparseCategoricalCrossentropy(),\n",
    "        metrics=[tf.keras.metrics.SparseCategoricalAccuracy()])\n",
    "\n",
    "# Define the client optimizer function\n",
    "def client_optimizer_fn():\n",
    "    return tf.keras.optimizers.Adam(learning_rate=0.001)\n",
    "\n",
    "# Define the federated averaging process\n",
    "iterative_process = tff.learning.build_federated_averaging_process(model_fn, client_optimizer_fn=client_optimizer_fn)\n",
    "state = iterative_process.initialize()\n",
    "\n",
    "# Custom function to determine if a model is an outlier using a DBSCAN-like approach\n",
    "def is_outlier(metric_data, epsilon=0.4, min_samples=3):\n",
    "    num_points = metric_data.shape[0]\n",
    "    distances = np.linalg.norm(metric_data[:, np.newaxis] - metric_data, axis=2)\n",
    "    neighbors = np.sum(distances < epsilon, axis=1)\n",
    "    outliers = neighbors < min_samples\n",
    "    return outliers\n",
    "\n",
    "# Standalone function for preprocessing\n",
    "def preprocess_fn(x, y):\n",
    "    return tf.cast(x, tf.float32) / 255.0, tf.cast(y, tf.int32)\n",
    "\n",
    "# Simulate federated training\n",
    "num_rounds = 2\n",
    "num_clients = 10\n",
    "\n",
    "for round_num in range(1, num_rounds + 1):\n",
    "    federated_data = [\n",
    "        tf.data.Dataset.from_tensor_slices((client_data[i], client_labels[i])).map(preprocess_fn).batch(20)\n",
    "        for i in range(num_clients)\n",
    "    ]\n",
    "    \n",
    "    state, metrics = iterative_process.next(state, federated_data)\n",
    "    print(f'Round {round_num}, Metrics: {metrics}')\n",
    "    \n",
    "    predictions = []\n",
    "    for i in range(num_clients):\n",
    "        model = create_model()\n",
    "        learning_rate = 10.0 if i == 0 else 0.001  # Introduce a bug in the first client\n",
    "        model.compile(optimizer=tf.keras.optimizers.Adam(learning_rate=learning_rate), \n",
    "                      loss='sparse_categorical_crossentropy', \n",
    "                      metrics=['accuracy'])\n",
    "        model.fit(client_data[i], client_labels[i], epochs=1, verbose=0)\n",
    "        predictions.append(model.predict(client_data[i]))\n",
    "    \n",
    "    metrics_matrix = np.zeros((num_clients, 4))\n",
    "    \n",
    "    for i in range(num_clients):\n",
    "        for j in range(i + 1, num_clients):\n",
    "            Δ_class, Δ_score, P_KS, P_X2 = perform_differential_testing(predictions[i], predictions[j])\n",
    "            metrics_matrix[i, 0] += Δ_class\n",
    "            metrics_matrix[i, 1] += Δ_score\n",
    "            metrics_matrix[i, 2] += P_KS\n",
    "            metrics_matrix[i, 3] += P_X2\n",
    "            \n",
    "    metrics_matrix /= num_clients - 1\n",
    "    \n",
    "    distance_matrix = np.linalg.norm(metrics_matrix[:, np.newaxis] - metrics_matrix, axis=2)\n",
    "    print(f\"Round {round_num} Distance Matrix:\")\n",
    "    print(distance_matrix)\n",
    "\n",
    "    # Detect initial outliers using the custom DBSCAN-like function\n",
    "    initial_outliers = is_outlier(distance_matrix)\n",
    "    print(f'Round {round_num}, Initial Outliers: {initial_outliers}')\n",
    "\n",
    "    # Loop to determine the best epsilon and min_samples\n",
    "    best_params = {'epsilon': None, 'min_samples': None, 'success': False}\n",
    "\n",
    "    # Define ranges for epsilon and min_samples\n",
    "    epsilons = np.arange(0.1, 5.0, 0.1)  # Adjust range and step as necessary\n",
    "    min_samples_list = range(1, 6)  # Adjust this range to test various neighbor criteria\n",
    "\n",
    "    for epsilon in epsilons:\n",
    "        for min_samples in min_samples_list:\n",
    "            outliers = is_outlier(distance_matrix, epsilon=epsilon, min_samples=min_samples)\n",
    "            # Check if the first client is flagged, and no other clients are flagged\n",
    "            first_client_outlier = outliers[0]\n",
    "            other_clients_outliers = np.any(outliers[1:])\n",
    "            \n",
    "            if first_client_outlier and not other_clients_outliers:\n",
    "                best_params['epsilon'] = epsilon\n",
    "                best_params['min_samples'] = min_samples\n",
    "                best_params['success'] = True\n",
    "                break  # Exit the inner loop if we found a successful configuration\n",
    "\n",
    "        if best_params['success']:\n",
    "            break  # Exit the outer loop if we've found parameters\n",
    "\n",
    "    if best_params['success']:\n",
    "        print(f\"Best Parameters Found: Epsilon: {best_params['epsilon']}, Min Samples: {best_params['min_samples']}\")\n",
    "    else:\n",
    "        print(\"No suitable parameters found to identify the first client.\")"
   ]
  },
  {
   "cell_type": "code",
   "execution_count": 18,
   "metadata": {},
   "outputs": [
    {
     "name": "stdout",
     "output_type": "stream",
     "text": [
      "Round 1, Metrics: OrderedDict([('broadcast', ()), ('aggregation', OrderedDict([('value_sum_process', ()), ('weight_sum_process', ())])), ('train', OrderedDict([('sparse_categorical_accuracy', 0.8306), ('loss', 0.60163194)]))])\n",
      "Round 1 Distance Matrix:\n",
      "[[    0.         15835.05526534 20868.96851709 22141.11614525\n",
      "  29715.3394482  34444.78297778 36316.40035966 41428.84467843\n",
      "  44986.24361545 48284.07940844]\n",
      " [15835.05526534     0.          5046.88674113  6357.38884205\n",
      "  13912.62344047 18646.55023767 20535.59759581 25646.92534219\n",
      "  29210.76564499 32515.34880393]\n",
      " [20868.96851709  5046.88674113     0.          1366.13550654\n",
      "   8866.2256049  13600.03745321 15491.30139261 20601.53845627\n",
      "  24165.84490421 27471.02241866]\n",
      " [22141.11614525  6357.38884205  1366.13550654     0.\n",
      "   7574.24155562 12305.22756373 14185.68708051 19298.58817195\n",
      "  22860.80011413 26163.92537059]\n",
      " [29715.3394482  13912.62344047  8866.2256049   7574.24155562\n",
      "      0.          4733.94081313  6628.99862365 11736.05512511\n",
      "  15300.8490943  18606.7377583 ]\n",
      " [34444.78297778 18646.55023767 13600.03745321 12305.22756373\n",
      "   4733.94081313     0.          1919.59696803  7004.85489177\n",
      "  10570.00753759 13876.58956076]\n",
      " [36316.40035966 20535.59759581 15491.30139261 14185.68708051\n",
      "   6628.99862365  1919.59696803     0.          5113.16836884\n",
      "   8675.37391946 11979.80984768]\n",
      " [41428.84467843 25646.92534219 20601.53845627 19298.58817195\n",
      "  11736.05512511  7004.85489177  5113.16836884     0.\n",
      "   3565.15532609  6871.77235211]\n",
      " [44986.24361545 29210.76564499 24165.84490421 22860.80011413\n",
      "  15300.8490943  10570.00753759  8675.37391946  3565.15532609\n",
      "      0.          3306.75793365]\n",
      " [48284.07940844 32515.34880393 27471.02241866 26163.92537059\n",
      "  18606.7377583  13876.58956076 11979.80984768  6871.77235211\n",
      "   3306.75793365     0.        ]]\n"
     ]
    },
    {
     "data": {
