{
 "cells": [
  {
   "cell_type": "markdown",
   "metadata": {},
   "source": [
    "bug : learning rate = 10.0 instead of 1 or 0.1 or 0.01 or 0.001"
   ]
  },
  {
   "cell_type": "code",
   "execution_count": 1,
   "metadata": {},
   "outputs": [
    {
     "name": "stdout",
     "output_type": "stream",
     "text": [
      "Round 1, Metrics: OrderedDict([('broadcast', ()), ('aggregation', OrderedDict([('value_sum_process', ()), ('weight_sum_process', ())])), ('train', OrderedDict([('sparse_categorical_accuracy', 0.84071666), ('loss', 0.5791551)]))])\n",
      "Round 1 Delta Class Matrix:\n",
      "[[   0. 8863. 8889. 8849. 8846. 8919. 8962. 8877. 8921. 8900.]\n",
      " [8863.    0. 1928. 2040. 2110. 2075. 2120. 2010. 2101. 2018.]\n",
      " [8889. 1928.    0. 1868. 1888. 1779. 1877. 1828. 1914. 1803.]\n",
      " [8849. 2040. 1868.    0. 2112. 2002. 1907. 1855. 2022. 1912.]\n",
      " [8846. 2110. 1888. 2112.    0. 1851. 1943. 1829. 1985. 1898.]\n",
      " [8919. 2075. 1779. 2002. 1851.    0. 1724. 1738. 1777. 1814.]\n",
      " [8962. 2120. 1877. 1907. 1943. 1724.    0. 1794. 1967. 1863.]\n",
      " [8877. 2010. 1828. 1855. 1829. 1738. 1794.    0. 1938. 1845.]\n",
      " [8921. 2101. 1914. 2022. 1985. 1777. 1967. 1938.    0. 1826.]\n",
      " [8900. 2018. 1803. 1912. 1898. 1814. 1863. 1845. 1826.    0.]]\n",
      "Round 1 Delta Score Matrix:\n",
      "[[     0. 100000. 100000. 100000. 100000. 100000. 100000. 100000. 100000.\n",
      "  100000.]\n",
      " [100000.      0.  45715.  44233.  46261.  48896.  48798.  47144.  45494.\n",
      "   51055.]\n",
      " [100000.  45715.      0.  31947.  35075.  39581.  38615.  36280.  33964.\n",
      "   43490.]\n",
      " [100000.  44233.  31947.      0.  32126.  37879.  36450.  32298.  30832.\n",
      "   41034.]\n",
      " [100000.  46261.  35075.  32126.      0.  39148.  38615.  35519.  33799.\n",
      "   43129.]\n",
      " [100000.  48896.  39581.  37879.  39148.      0.  42399.  40565.  38111.\n",
      "   46253.]\n",
      " [100000.  48798.  38615.  36450.  38615.  42399.      0.  39439.  37876.\n",
      "   45645.]\n",
      " [100000.  47144.  36280.  32298.  35519.  40565.  39439.      0.  35438.\n",
      "   44262.]\n",
      " [100000.  45494.  33964.  30832.  33799.  38111.  37876.  35438.      0.\n",
      "   41515.]\n",
      " [100000.  51055.  43490.  41034.  43129.  46253.  45645.  44262.  41515.\n",
      "       0.]]\n",
      "Round 1 P_KS Matrix:\n",
      "[[0.00000000e+000 0.00000000e+000 0.00000000e+000 0.00000000e+000\n",
      "  0.00000000e+000 0.00000000e+000 0.00000000e+000 0.00000000e+000\n",
      "  0.00000000e+000 0.00000000e+000]\n",
      " [0.00000000e+000 0.00000000e+000 0.00000000e+000 0.00000000e+000\n",
      "  0.00000000e+000 3.05859979e-285 0.00000000e+000 0.00000000e+000\n",
      "  0.00000000e+000 3.07831681e-057]\n",
      " [0.00000000e+000 0.00000000e+000 0.00000000e+000 3.98845453e-107\n",
      "  1.96018717e-003 4.14120013e-198 2.87891952e-137 8.16009423e-010\n",
      "  1.14518486e-015 0.00000000e+000]\n",
      " [0.00000000e+000 0.00000000e+000 3.98845453e-107 0.00000000e+000\n",
      "  3.16514335e-075 0.00000000e+000 0.00000000e+000 2.19663039e-179\n",
      "  4.52181550e-042 0.00000000e+000]\n",
      " [0.00000000e+000 0.00000000e+000 1.96018717e-003 3.16514335e-075\n",
      "  0.00000000e+000 2.55256721e-248 2.19663039e-179 3.44272197e-023\n",
      "  2.91119380e-005 0.00000000e+000]\n",
      " [0.00000000e+000 3.05859979e-285 4.14120013e-198 0.00000000e+000\n",
      "  2.55256721e-248 0.00000000e+000 9.55035359e-008 8.97513986e-122\n",
      "  0.00000000e+000 4.92844739e-090]\n",
      " [0.00000000e+000 0.00000000e+000 2.87891952e-137 0.00000000e+000\n",
      "  2.19663039e-179 9.55035359e-008 0.00000000e+000 3.16514335e-075\n",
      "  4.35321322e-243 1.31870302e-140]\n",
      " [0.00000000e+000 0.00000000e+000 8.16009423e-010 2.19663039e-179\n",
      "  3.44272197e-023 8.97513986e-122 3.16514335e-075 0.00000000e+000\n",
      "  1.72559539e-048 0.00000000e+000]\n",
      " [0.00000000e+000 0.00000000e+000 1.14518486e-015 4.52181550e-042\n",
      "  2.91119380e-005 0.00000000e+000 4.35321322e-243 1.72559539e-048\n",
      "  0.00000000e+000 0.00000000e+000]\n",
      " [0.00000000e+000 3.07831681e-057 0.00000000e+000 0.00000000e+000\n",
      "  0.00000000e+000 4.92844739e-090 1.31870302e-140 0.00000000e+000\n",
      "  0.00000000e+000 0.00000000e+000]]\n",
      "Round 1 P_X2 Matrix:\n",
      "[[0. 1. 1. 1. 1. 1. 1. 1. 1. 1.]\n",
      " [1. 0. 0. 0. 0. 0. 0. 0. 0. 0.]\n",
      " [1. 0. 0. 0. 0. 0. 0. 0. 0. 0.]\n",
      " [1. 0. 0. 0. 0. 0. 0. 0. 0. 0.]\n",
      " [1. 0. 0. 0. 0. 0. 0. 0. 0. 0.]\n",
      " [1. 0. 0. 0. 0. 0. 0. 0. 0. 0.]\n",
      " [1. 0. 0. 0. 0. 0. 0. 0. 0. 0.]\n",
      " [1. 0. 0. 0. 0. 0. 0. 0. 0. 0.]\n",
      " [1. 0. 0. 0. 0. 0. 0. 0. 0. 0.]\n",
      " [1. 0. 0. 0. 0. 0. 0. 0. 0. 0.]]\n",
      "Round 1 Combined Distance Matrix:\n",
      "[[     0.         228471.43108275 248801.25277254 253552.47152808\n",
      "  248863.99406053 241043.63121847 242342.84093405 247109.4015674\n",
      "  250758.61237801 234549.07790055]\n",
      " [228471.43108275      0.          73116.06635533  74155.15193835\n",
      "   74086.44282487  74218.15860016  74571.02754421  74252.51071849\n",
      "   74070.30707556  75555.96490682]\n",
      " [248801.25277254  73116.06635533      0.          48303.76032653\n",
      "   52287.94946077  59498.056121    57978.58312262  53956.74184466\n",
      "   50830.23485637  67042.43745111]\n",
      " [253552.47152808  74155.15193835  48303.76032653      0.\n",
      "   48867.27564037  59000.62393739  56448.30688338  49130.80069569\n",
      "   46689.63037003  66232.42498958]\n",
      " [248863.99406053  74086.44282487  52287.94946077  48867.27564037\n",
      "       0.          59017.99757298  58080.17582557  52891.73289294\n",
      "   50688.05311334  66740.38329904]\n",
      " [241043.63121847  74218.15860016  59498.056121    59000.62393739\n",
      "   59017.99757298      0.          62437.27094466  60478.17791568\n",
      "   58009.12471928  68587.39746484]\n",
      " [242342.84093405  74571.02754421  57978.58312262  56448.30688338\n",
      "   58080.17582557  62437.27094466      0.          58723.60650539\n",
      "   57537.04851418  68075.66008493]\n",
      " [247109.4015674   74252.51071849  53956.74184466  49130.80069569\n",
      "   52891.73289294  60478.17791568  58723.60650539      0.\n",
      "   53112.00096879  67551.15579322]\n",
      " [250758.61237801  74070.30707556  50830.23485637  46689.63037003\n",
      "   50688.05311334  58009.12471928  57537.04851418  53112.00096879\n",
      "       0.          65304.63882039]\n",
      " [234549.07790055  75555.96490682  67042.43745111  66232.42498958\n",
      "   66740.38329904  68587.39746484  68075.66008493  67551.15579322\n",
      "   65304.63882039      0.        ]]\n",
      "Round 1 Average distances:\n",
      "[219549.27134424  82249.70610465  71181.50823109  70238.04463094\n",
      "  71152.40046904  74229.04384945  73619.4520359   71720.61289023\n",
      "  70699.96508159  77963.91407105]\n",
      "Round 1, Outliers: [ True  True  True  True  True  True  True  True  True  True]\n",
      "Round 1, Client with highest average distance: 0\n",
      "Round 2, Metrics: OrderedDict([('broadcast', ()), ('aggregation', OrderedDict([('value_sum_process', ()), ('weight_sum_process', ())])), ('train', OrderedDict([('sparse_categorical_accuracy', 0.9134167), ('loss', 0.298036)]))])\n",
      "Round 2 Delta Class Matrix:\n",
      "[[   0. 8659. 8798. 8636. 8661. 8555. 8478. 8693. 8280. 8545.]\n",
      " [8659.    0. 1982. 2047. 2192. 2021. 1965. 2088. 2014. 1940.]\n",
      " [8798. 1982.    0. 1859. 2098. 1848. 1883. 2021. 1928. 1816.]\n",
      " [8636. 2047. 1859.    0. 2155. 1925. 1863. 2084. 1862. 1735.]\n",
      " [8661. 2192. 2098. 2155.    0. 2094. 2118. 2192. 2142. 2080.]\n",
      " [8555. 2021. 1848. 1925. 2094.    0. 1881. 2017. 1856. 1713.]\n",
      " [8478. 1965. 1883. 1863. 2118. 1881.    0. 2086. 1821. 1705.]\n",
      " [8693. 2088. 2021. 2084. 2192. 2017. 2086.    0. 2057. 1932.]\n",
      " [8280. 2014. 1928. 1862. 2142. 1856. 1821. 2057.    0. 1755.]\n",
      " [8545. 1940. 1816. 1735. 2080. 1713. 1705. 1932. 1755.    0.]]\n",
      "Round 2 Delta Score Matrix:\n",
      "[[    0. 97524. 96762. 96203. 96494. 97562. 96392. 98390. 97672. 96257.]\n",
      " [97524.     0. 41433. 38726. 43409. 46903. 40663. 50583. 44158. 38261.]\n",
      " [96762. 41433.     0. 31950. 38049. 41717. 35000. 46317. 38665. 31851.]\n",
      " [96203. 38726. 31950.     0. 35310. 39301. 31055. 44360. 35674. 27363.]\n",
      " [96494. 43409. 38049. 35310.     0. 44688. 37284. 48760. 41239. 34932.]\n",
      " [97562. 46903. 41717. 39301. 44688.     0. 41046. 50900. 43398. 38255.]\n",
      " [96392. 40663. 35000. 31055. 37284. 41046.     0. 46243. 37896. 30242.]\n",
      " [98390. 50583. 46317. 44360. 48760. 50900. 46243.     0. 48729. 43806.]\n",
      " [97672. 44158. 38665. 35674. 41239. 43398. 37896. 48729.     0. 35195.]\n",
      " [96257. 38261. 31851. 27363. 34932. 38255. 30242. 43806. 35195.     0.]]\n",
      "Round 2 P_KS Matrix:\n",
      "[[0.00000000e+000 0.00000000e+000 0.00000000e+000 0.00000000e+000\n",
      "  0.00000000e+000 0.00000000e+000 0.00000000e+000 0.00000000e+000\n",
      "  0.00000000e+000 0.00000000e+000]\n",
      " [0.00000000e+000 0.00000000e+000 5.05770160e-251 0.00000000e+000\n",
      "  1.38517011e-096 4.59616550e-009 0.00000000e+000 4.09780411e-201\n",
      "  6.68785163e-052 0.00000000e+000]\n",
      " [0.00000000e+000 5.05770160e-251 0.00000000e+000 1.27432010e-114\n",
      "  8.18182207e-037 0.00000000e+000 2.25634185e-009 0.00000000e+000\n",
      "  1.76890029e-075 5.15491605e-168]\n",
      " [0.00000000e+000 0.00000000e+000 1.27432010e-114 0.00000000e+000\n",
      "  1.25037532e-279 0.00000000e+000 7.61841609e-060 0.00000000e+000\n",
      "  0.00000000e+000 1.28663675e-005]\n",
      " [0.00000000e+000 1.38517011e-096 8.18182207e-037 1.25037532e-279\n",
      "  0.00000000e+000 1.60341137e-154 2.08011445e-081 0.00000000e+000\n",
      "  1.96063674e-007 0.00000000e+000]\n",
      " [0.00000000e+000 4.59616550e-009 0.00000000e+000 0.00000000e+000\n",
      "  1.60341137e-154 0.00000000e+000 0.00000000e+000 2.16733075e-133\n",
      "  3.54879990e-096 0.00000000e+000]\n",
      " [0.00000000e+000 0.00000000e+000 2.25634185e-009 7.61841609e-060\n",
      "  2.08011445e-081 0.00000000e+000 0.00000000e+000 0.00000000e+000\n",
      "  9.29123499e-136 1.12045974e-099]\n",
      " [0.00000000e+000 4.09780411e-201 0.00000000e+000 0.00000000e+000\n",
      "  0.00000000e+000 2.16733075e-133 0.00000000e+000 0.00000000e+000\n",
      "  0.00000000e+000 0.00000000e+000]\n",
      " [0.00000000e+000 6.68785163e-052 1.76890029e-075 0.00000000e+000\n",
      "  1.96063674e-007 3.54879990e-096 9.29123499e-136 0.00000000e+000\n",
      "  0.00000000e+000 0.00000000e+000]\n",
      " [0.00000000e+000 0.00000000e+000 5.15491605e-168 1.28663675e-005\n",
      "  0.00000000e+000 0.00000000e+000 1.12045974e-099 0.00000000e+000\n",
      "  0.00000000e+000 0.00000000e+000]]\n",
      "Round 2 P_X2 Matrix:\n",
      "[[0. 0. 0. 0. 0. 0. 0. 0. 0. 0.]\n",
      " [0. 0. 0. 0. 0. 0. 0. 0. 0. 0.]\n",
      " [0. 0. 0. 0. 0. 0. 0. 0. 0. 0.]\n",
      " [0. 0. 0. 0. 0. 0. 0. 0. 0. 0.]\n",
      " [0. 0. 0. 0. 0. 0. 0. 0. 0. 0.]\n",
      " [0. 0. 0. 0. 0. 0. 0. 0. 0. 0.]\n",
      " [0. 0. 0. 0. 0. 0. 0. 0. 0. 0.]\n",
      " [0. 0. 0. 0. 0. 0. 0. 0. 0. 0.]\n",
      " [0. 0. 0. 0. 0. 0. 0. 0. 0. 0.]\n",
      " [0. 0. 0. 0. 0. 0. 0. 0. 0. 0.]]\n",
      "Round 2 Combined Distance Matrix:\n",
      "[[     0.         227849.73213282 238358.75690228 243860.42569276\n",
      "  232532.6810794  227499.92296043 239556.3070971  219039.58266259\n",
      "  233113.4251689  245127.01374604]\n",
      " [227849.73213282      0.          63266.68304092  62252.12497348\n",
      "   64942.21644661  69208.30375035  62796.69498469  75727.80643859\n",
      "   65751.01390092  62182.42101028]\n",
      " [238358.75690228  63266.68304092      0.          48536.48609945\n",
      "   57309.34993525  63595.89289412  52223.44927329  74199.63553145\n",
      "   57925.317142    48653.81627251]\n",
      " [243860.42569276  62252.12497348  48536.48609945      0.\n",
      "   55325.04867416  63000.2261561   46937.75737002  75367.8295002\n",
      "   55428.0644331   41198.40254788]\n",
      " [232532.6810794   64942.21644661  57309.34993525  55325.04867416\n",
      "       0.          66659.12976479  56622.47205837  75112.82359888\n",
      "   61379.58079063  55241.37184925]\n",
      " [227499.92296043  69208.30375035  63595.89289412  63000.2261561\n",
      "   66659.12976479      0.          63331.11577258  75999.12120545\n",
      "   64509.06161927  62082.75563059]\n",
      " [239556.3070971   62796.69498469  52223.44927329  46937.75737002\n",
      "   56622.47205837  63331.11577258      0.          75081.49201368\n",
      "   57061.50269667  45835.45546737]\n",
      " [219039.58266259  75727.80643859  74199.63553145  75367.8295002\n",
      "   75112.82359888  75999.12120545  75081.49201368      0.\n",
      "   74891.43035753  75382.75748839]\n",
      " [233113.4251689   65751.01390092  57925.317142    55428.0644331\n",
      "   61379.58079063  64509.06161927  57061.50269667  74891.43035753\n",
      "       0.          55146.26752361]\n",
      " [245127.01374604  62182.42101028  48653.81627251  41198.40254788\n",
      "   55241.37184925  62082.75563059  45835.45546737  75382.75748839\n",
      "   55146.26752361      0.        ]]\n",
      "Round 2 Average distances:\n",
      "[210693.78474423  75397.69966787  70406.93870913  69190.63654472\n",
      "  72512.46741974  75588.55297537  69944.62467338  82080.24787968\n",
      "  72520.56636326  69085.02615359]\n",
      "Round 2, Outliers: [ True  True  True  True  True  True  True  True  True  True]\n",
      "Round 2, Client with highest average distance: 0\n",
      "Round 3, Metrics: OrderedDict([('broadcast', ()), ('aggregation', OrderedDict([('value_sum_process', ()), ('weight_sum_process', ())])), ('train', OrderedDict([('sparse_categorical_accuracy', 0.92868334), ('loss', 0.24197175)]))])\n",
      "Round 3 Delta Class Matrix:\n",
      "[[   0. 8960. 8885. 9140. 8974. 8677. 8877. 9087. 8730. 9054.]\n",
      " [8960.    0. 1693. 1668. 1815. 1893. 1739. 1910. 2139. 1671.]\n",
      " [8885. 1693.    0. 1733. 1887. 1889. 1708. 1896. 2033. 1746.]\n",
      " [9140. 1668. 1733.    0. 1901. 1950. 1781. 1853. 2121. 1767.]\n",
      " [8974. 1815. 1887. 1901.    0. 2192. 1970. 2109. 2310. 1917.]\n",
      " [8677. 1893. 1889. 1950. 2192.    0. 1889. 1956. 2114. 1952.]\n",
      " [8877. 1739. 1708. 1781. 1970. 1889.    0. 1942. 2007. 1776.]\n",
      " [9087. 1910. 1896. 1853. 2109. 1956. 1942.    0. 2227. 1895.]\n",
      " [8730. 2139. 2033. 2121. 2310. 2114. 2007. 2227.    0. 2067.]\n",
      " [9054. 1671. 1746. 1767. 1917. 1952. 1776. 1895. 2067.    0.]]\n",
      "Round 3 Delta Score Matrix:\n",
      "[[    0. 99851. 99819. 99843. 99862. 99853. 99839. 99849. 99839. 99817.]\n",
      " [99851.     0. 34418. 29512. 34177. 38243. 34015. 34865. 38350. 31222.]\n",
      " [99819. 34418.     0. 31094. 36370. 39650. 34413. 35770. 38456. 32799.]\n",
      " [99843. 29512. 31094.     0. 30909. 36116. 29757. 30132. 34838. 27650.]\n",
      " [99862. 34177. 36370. 30909.     0. 40830. 35351. 35541. 39811. 33049.]\n",
      " [99853. 38243. 39650. 36116. 40830.     0. 38456. 39927. 41574. 37033.]\n",
      " [99839. 34015. 34413. 29757. 35351. 38456.     0. 34698. 37146. 31692.]\n",
      " [99849. 34865. 35770. 30132. 35541. 39927. 34698.     0. 39079. 33102.]\n",
      " [99839. 38350. 38456. 34838. 39811. 41574. 37146. 39079.     0. 36300.]\n",
      " [99817. 31222. 32799. 27650. 33049. 37033. 31692. 33102. 36300.     0.]]\n",
      "Round 3 P_KS Matrix:\n",
      "[[0.00000000e+000 0.00000000e+000 0.00000000e+000 0.00000000e+000\n",
      "  0.00000000e+000 0.00000000e+000 0.00000000e+000 0.00000000e+000\n",
      "  0.00000000e+000 0.00000000e+000]\n",
      " [0.00000000e+000 0.00000000e+000 2.83165845e-008 6.38705330e-163\n",
      "  1.98050903e-002 5.23491144e-181 1.77322035e-003 2.51043826e-001\n",
      "  2.01981897e-093 5.88363716e-039]\n",
      " [0.00000000e+000 2.83165845e-008 0.00000000e+000 1.00666571e-241\n",
      "  1.21599443e-002 3.93655814e-114 4.39376413e-018 1.20550598e-007\n",
      "  7.42628330e-048 3.80705950e-081]\n",
      " [0.00000000e+000 6.38705330e-163 1.00666571e-241 0.00000000e+000\n",
      "  1.39451133e-200 0.00000000e+000 2.47602754e-129 1.20480413e-165\n",
      "  0.00000000e+000 1.99137754e-043]\n",
      " [0.00000000e+000 1.98050903e-002 1.21599443e-002 1.39451133e-200\n",
      "  0.00000000e+000 1.21948524e-145 1.99295603e-008 3.90720779e-002\n",
      "  4.07291537e-069 1.93964037e-058]\n",
      " [0.00000000e+000 5.23491144e-181 3.93655814e-114 0.00000000e+000\n",
      "  1.21948524e-145 0.00000000e+000 5.56795943e-221 5.43085565e-178\n",
      "  4.35621931e-015 0.00000000e+000]\n",
      " [0.00000000e+000 1.77322035e-003 4.39376413e-018 2.47602754e-129\n",
      "  1.99295603e-008 5.56795943e-221 0.00000000e+000 3.20096506e-003\n",
      "  3.46006254e-122 1.25092359e-023]\n",
      " [0.00000000e+000 2.51043826e-001 1.20550598e-007 1.20480413e-165\n",
      "  3.90720779e-002 5.43085565e-178 3.20096506e-003 0.00000000e+000\n",
      "  4.60517005e-091 2.91606589e-040]\n",
      " [0.00000000e+000 2.01981897e-093 7.42628330e-048 0.00000000e+000\n",
      "  4.07291537e-069 4.35621931e-015 3.46006254e-122 4.60517005e-091\n",
      "  0.00000000e+000 7.98425424e-251]\n",
      " [0.00000000e+000 5.88363716e-039 3.80705950e-081 1.99137754e-043\n",
      "  1.93964037e-058 0.00000000e+000 1.25092359e-023 2.91606589e-040\n",
      "  7.98425424e-251 0.00000000e+000]]\n",
      "Round 3 P_X2 Matrix:\n",
      "[[0.         0.9971128  0.83203571 0.99949256 0.98852104 0.76089925\n",
      "  0.99954482 0.88174909 0.99984198 0.99382056]\n",
      " [0.9971128  0.         0.         0.         0.         0.\n",
      "  0.         0.         0.         0.        ]\n",
      " [0.83203571 0.         0.         0.         0.         0.\n",
      "  0.         0.         0.         0.        ]\n",
      " [0.99949256 0.         0.         0.         0.         0.\n",
      "  0.         0.         0.         0.        ]\n",
      " [0.98852104 0.         0.         0.         0.         0.\n",
      "  0.         0.         0.         0.        ]\n",
      " [0.76089925 0.         0.         0.         0.         0.\n",
      "  0.         0.         0.         0.        ]\n",
      " [0.99954482 0.         0.         0.         0.         0.\n",
      "  0.         0.         0.         0.        ]\n",
      " [0.88174909 0.         0.         0.         0.         0.\n",
      "  0.         0.         0.         0.        ]\n",
      " [0.99984198 0.         0.         0.         0.         0.\n",
      "  0.         0.         0.         0.        ]\n",
      " [0.99382056 0.         0.         0.         0.         0.\n",
      "  0.         0.         0.         0.        ]]\n",
      "Round 3 Combined Distance Matrix:\n",
      "[[     0.         256761.35035288 254356.98524969 263825.70684066\n",
      "  253194.13244922 245787.07909373 256393.63013926 254137.17234573\n",
      "  247231.81242696 260100.01793899]\n",
      " [256761.35035288      0.          51200.47421779  45109.57595537\n",
      "   51152.95063433  58674.43494799  50604.13280034  52149.7858602\n",
      "   58681.91529729  46741.11043961]\n",
      " [254356.98524969  51200.47421779      0.          48097.64191664\n",
      "   54163.73397567  59857.60322528  51161.91599205  53294.34362284\n",
      "   58065.27052161  49444.35405686]\n",
      " [263825.70684066  45109.57595537  48097.64191664      0.\n",
      "   48509.68683238  58915.19056425  45711.81859207  47062.34310155\n",
      "   56751.59780756  41915.27909093]\n",
      " [253194.13244922  51152.95063433  54163.73397567  48509.68683238\n",
      "       0.          61669.43067365  53020.79962948  53283.49179719\n",
      "   60162.94538878  50323.08669703]\n",
      " [245787.07909373  58674.43494799  59857.60322528  58915.19056425\n",
      "   61669.43067365      0.          58801.6843443   60299.0270998\n",
      "   61827.86025486  58342.79285316]\n",
      " [256393.63013926  50604.13280034  51161.91599205  45711.81859207\n",
      "   53020.79962948  58801.6843443       0.          51943.28409045\n",
      "   56716.93465138  47603.76770688]\n",
      " [254137.17234573  52149.7858602   53294.34362284  47062.34310155\n",
      "   53283.49179719  60299.0270998   51943.28409045      0.\n",
      "   59160.18407826  50152.69844843]\n",
      " [247231.81242696  58681.91529729  58065.27052161  56751.59780756\n",
      "   60162.94538878  61827.86025486  56716.93465138  59160.18407826\n",
      "       0.          56916.53217092]\n",
      " [260100.01793899  46741.11043961  49444.35405686  41915.27909093\n",
      "   50323.08669703  58342.79285316  47603.76770688  50152.69844843\n",
      "   56916.53217092      0.        ]]\n",
      "Round 3 Average distances:\n",
      "[229178.78868371  67107.57305058  67964.23227784  65589.88407014\n",
      "  68548.02580777  72417.5103057   67195.79679462  68148.23304445\n",
      "  71551.50525976  66153.96394028]\n",
      "Round 3, Outliers: [ True  True  True  True  True  True  True  True  True  True]\n",
      "Round 3, Client with highest average distance: 0\n",
      "Round 4, Metrics: OrderedDict([('broadcast', ()), ('aggregation', OrderedDict([('value_sum_process', ()), ('weight_sum_process', ())])), ('train', OrderedDict([('sparse_categorical_accuracy', 0.9392833), ('loss', 0.20660247)]))])\n",
      "Round 4 Delta Class Matrix:\n",
      "[[   0. 8884. 9071. 9021. 8785. 8882. 9179. 8951. 9008. 8848.]\n",
      " [8884.    0. 2248. 2036. 2020. 2178. 1993. 2049. 2107. 2045.]\n",
      " [9071. 2248.    0. 2060. 2220. 2230. 2019. 2066. 2127. 2151.]\n",
      " [9021. 2036. 2060.    0. 1922. 1981. 1797. 1843. 1914. 1848.]\n",
      " [8785. 2020. 2220. 1922.    0. 1995. 1931. 1783. 1904. 1891.]\n",
      " [8882. 2178. 2230. 1981. 1995.    0. 1925. 1860. 1960. 1814.]\n",
      " [9179. 1993. 2019. 1797. 1931. 1925.    0. 1813. 1915. 1802.]\n",
      " [8951. 2049. 2066. 1843. 1783. 1860. 1813.    0. 1871. 1806.]\n",
      " [9008. 2107. 2127. 1914. 1904. 1960. 1915. 1871.    0. 1923.]\n",
      " [8848. 2045. 2151. 1848. 1891. 1814. 1802. 1806. 1923.    0.]]\n",
      "Round 4 Delta Score Matrix:\n",
      "[[    0. 99952. 99959. 99950. 99948. 99955. 99958. 99953. 99952. 99951.]\n",
      " [99952.     0. 38582. 35026. 30156. 33252. 29746. 34451. 37427. 31684.]\n",
      " [99959. 38582.     0. 40134. 37174. 39303. 36278. 39649. 42656. 38107.]\n",
      " [99950. 35026. 40134.     0. 32862. 35550. 32281. 35582. 39195. 34107.]\n",
      " [99948. 30156. 37174. 32862.     0. 31000. 27893. 31689. 35339. 29393.]\n",
      " [99955. 33252. 39303. 35550. 31000.     0. 30252. 34129. 38024. 31326.]\n",
      " [99958. 29746. 36278. 32281. 27893. 30252.     0. 31524. 35195. 28609.]\n",
      " [99953. 34451. 39649. 35582. 31689. 34129. 31524.     0. 38738. 33092.]\n",
      " [99952. 37427. 42656. 39195. 35339. 38024. 35195. 38738.     0. 36864.]\n",
      " [99951. 31684. 38107. 34107. 29393. 31326. 28609. 33092. 36864.     0.]]\n",
      "Round 4 P_KS Matrix:\n",
      "[[0.00000000e+000 0.00000000e+000 0.00000000e+000 0.00000000e+000\n",
      "  0.00000000e+000 0.00000000e+000 0.00000000e+000 0.00000000e+000\n",
      "  0.00000000e+000 0.00000000e+000]\n",
      " [0.00000000e+000 0.00000000e+000 3.34910772e-309 1.95819241e-065\n",
      "  4.21664167e-026 3.96664496e-004 1.01050479e-044 6.39954982e-040\n",
      "  6.31813825e-216 3.34192531e-006]\n",
      " [0.00000000e+000 3.34910772e-309 0.00000000e+000 4.60517005e-091\n",
      "  0.00000000e+000 1.24534140e-245 0.00000000e+000 8.03682155e-128\n",
      "  6.43846664e-009 0.00000000e+000]\n",
      " [0.00000000e+000 1.95819241e-065 4.60517005e-091 0.00000000e+000\n",
      "  1.78950049e-172 1.06661263e-038 1.53917019e-216 1.22027997e-003\n",
      "  1.48210238e-044 8.13843557e-098]\n",
      " [0.00000000e+000 4.21664167e-026 0.00000000e+000 1.78950049e-172\n",
      "  0.00000000e+000 3.97096690e-049 3.52321752e-003 4.27060315e-129\n",
      "  0.00000000e+000 4.15226878e-011]\n",
      " [0.00000000e+000 3.96664496e-004 1.24534140e-245 1.06661263e-038\n",
      "  3.97096690e-049 0.00000000e+000 1.10477413e-073 5.46057270e-020\n",
      "  1.29719696e-163 2.86644484e-014]\n",
      " [0.00000000e+000 1.01050479e-044 0.00000000e+000 1.53917019e-216\n",
      "  3.52321752e-003 1.10477413e-073 0.00000000e+000 1.57798333e-167\n",
      "  0.00000000e+000 5.95425670e-024]\n",
      " [0.00000000e+000 6.39954982e-040 8.03682155e-128 1.22027997e-003\n",
      "  4.27060315e-129 5.46057270e-020 1.57798333e-167 0.00000000e+000\n",
      "  4.22399350e-071 7.72259163e-066]\n",
      " [0.00000000e+000 6.31813825e-216 6.43846664e-009 1.48210238e-044\n",
      "  0.00000000e+000 1.29719696e-163 0.00000000e+000 4.22399350e-071\n",
      "  0.00000000e+000 3.27189411e-272]\n",
      " [0.00000000e+000 3.34192531e-006 0.00000000e+000 8.13843557e-098\n",
      "  4.15226878e-011 2.86644484e-014 5.95425670e-024 7.72259163e-066\n",
      "  3.27189411e-272 0.00000000e+000]]\n",
      "Round 4 P_X2 Matrix:\n",
      "[[0. 1. 1. 1. 1. 1. 1. 1. 1. 1.]\n",
      " [1. 0. 0. 0. 0. 0. 0. 0. 0. 0.]\n",
      " [1. 0. 0. 0. 0. 0. 0. 0. 0. 0.]\n",
      " [1. 0. 0. 0. 0. 0. 0. 0. 0. 0.]\n",
      " [1. 0. 0. 0. 0. 0. 0. 0. 0. 0.]\n",
      " [1. 0. 0. 0. 0. 0. 0. 0. 0. 0.]\n",
      " [1. 0. 0. 0. 0. 0. 0. 0. 0. 0.]\n",
      " [1. 0. 0. 0. 0. 0. 0. 0. 0. 0.]\n",
      " [1. 0. 0. 0. 0. 0. 0. 0. 0. 0.]\n",
      " [1. 0. 0. 0. 0. 0. 0. 0. 0. 0.]]\n",
      "Round 4 Combined Distance Matrix:\n",
      "[[     0.         257783.0948768  246064.08658924 254117.29824148\n",
      "  262224.05591616 257290.11133498 263629.16814147 255840.37027683\n",
      "  248771.24048008 260202.52888759]\n",
      " [257783.0948768       0.          59918.96543762  52669.16101075\n",
      "   45911.26081316  50129.4042875   45531.77523477  51696.1072561\n",
      "   57233.05332894  47830.66638954]\n",
      " [246064.08658924  59918.96543762      0.          60665.92797057\n",
      "   59863.87003273  60710.83917816  59050.79503754  60484.29607229\n",
      "   63448.54739867  60096.94552099]\n",
      " [254117.29824148  52669.16101075  60665.92797057      0.\n",
      "   50425.04486534  53276.04051738  49828.45807394  52988.92945395\n",
      "   58584.37141618  51547.70419859]\n",
      " [262224.05591616  45911.26081316  59863.87003273  50425.04486534\n",
      "       0.          47147.53877989  42219.25590659  48140.77113727\n",
      "   55735.84466624  44347.42625986]\n",
      " [257290.11133498  50129.4042875   60710.83917816  53276.04051738\n",
      "   47147.53877989      0.          46256.05567473  50957.47548586\n",
      "   57734.53073979  47033.95384547]\n",
      " [263629.16814147  45531.77523477  59050.79503754  49828.45807394\n",
      "   42219.25590659  46256.05567473      0.          48254.87624544\n",
      "   56085.92362369  43236.66088779]\n",
      " [255840.37027683  51696.1072561   60484.29607229  52988.92945395\n",
      "   48140.77113727  50957.47548586  48254.87624544      0.\n",
      "   58222.97519888  49724.23284043]\n",
      " [248771.24048008  57233.05332894  63448.54739867  58584.37141618\n",
      "   55735.84466624  57734.53073979  56085.92362369  58222.97519888\n",
      "       0.          57004.10655349]\n",
      " [260202.52888759  47830.66638954  60096.94552099  51547.70419859\n",
      "   44347.42625986  47033.95384547  43236.66088779  49724.23284043\n",
      "   57004.10655349      0.        ]]\n",
      "Round 4 Average distances:\n",
      "[230592.19547446  66870.34886352  73030.42732378  68410.29357482\n",
      "  65601.50683773  67053.59498438  65409.2968826   67631.00339671\n",
      "  71282.0593406   66102.42253837]\n",
      "Round 4, Outliers: [ True  True  True  True  True  True  True  True  True  True]\n",
      "Round 4, Client with highest average distance: 0\n",
      "Round 5, Metrics: OrderedDict([('broadcast', ()), ('aggregation', OrderedDict([('value_sum_process', ()), ('weight_sum_process', ())])), ('train', OrderedDict([('sparse_categorical_accuracy', 0.9473), ('loss', 0.18080826)]))])\n",
      "Round 5 Delta Class Matrix:\n",
      "[[   0. 8742. 8890. 8826. 8937. 8861. 8798. 8918. 8926. 8895.]\n",
      " [8742.    0. 2056. 1945. 2101. 2045. 1997. 2126. 2297. 1978.]\n",
      " [8890. 2056.    0. 1879. 2008. 1879. 1910. 2035. 2118. 1916.]\n",
      " [8826. 1945. 1879.    0. 2010. 1965. 1895. 2037. 2126. 1924.]\n",
      " [8937. 2101. 2008. 2010.    0. 2052. 2005. 2116. 2217. 2092.]\n",
      " [8861. 2045. 1879. 1965. 2052.    0. 1996. 2075. 2191. 2064.]\n",
      " [8798. 1997. 1910. 1895. 2005. 1996.    0. 1973. 2188. 1935.]\n",
      " [8918. 2126. 2035. 2037. 2116. 2075. 1973.    0. 2221. 2046.]\n",
      " [8926. 2297. 2118. 2126. 2217. 2191. 2188. 2221.    0. 2205.]\n",
      " [8895. 1978. 1916. 1924. 2092. 2064. 1935. 2046. 2205.    0.]]\n",
      "Round 5 Delta Score Matrix:\n",
      "[[    0. 99775. 99806. 99803. 99862. 99852. 99880. 99845. 99846. 99814.]\n",
      " [99775.     0. 33140. 32444. 51289. 39939. 47137. 37279. 39528. 33587.]\n",
      " [99806. 33140.     0. 27732. 47610. 35006. 44447. 33732. 34710. 28779.]\n",
      " [99803. 32444. 27732.     0. 48434. 35861. 44127. 33919. 35204. 28991.]\n",
      " [99862. 51289. 47610. 48434.     0. 51281. 57126. 50918. 51693. 48963.]\n",
      " [99852. 39939. 35006. 35861. 51281.     0. 48853. 40331. 40671. 36807.]\n",
      " [99880. 47137. 44447. 44127. 57126. 48853.     0. 47748. 49276. 45405.]\n",
      " [99845. 37279. 33732. 33919. 50918. 40331. 47748.     0. 39557. 34930.]\n",
      " [99846. 39528. 34710. 35204. 51693. 40671. 49276. 39557.     0. 35844.]\n",
      " [99814. 33587. 28779. 28991. 48963. 36807. 45405. 34930. 35844.     0.]]\n",
      "Round 5 P_KS Matrix:\n",
      "[[0.00000000e+000 0.00000000e+000 0.00000000e+000 0.00000000e+000\n",
      "  0.00000000e+000 0.00000000e+000 0.00000000e+000 0.00000000e+000\n",
      "  0.00000000e+000 0.00000000e+000]\n",
      " [0.00000000e+000 0.00000000e+000 3.47014627e-173 2.40452831e-170\n",
      "  0.00000000e+000 4.62646766e-079 0.00000000e+000 3.06375575e-012\n",
      "  2.92027770e-054 1.51005605e-080]\n",
      " [0.00000000e+000 3.47014627e-173 0.00000000e+000 9.72216610e-001\n",
      "  0.00000000e+000 0.00000000e+000 0.00000000e+000 1.56145960e-269\n",
      "  0.00000000e+000 4.76269566e-018]\n",
      " [0.00000000e+000 2.40452831e-170 9.72216610e-001 0.00000000e+000\n",
      "  0.00000000e+000 0.00000000e+000 0.00000000e+000 2.16739571e-266\n",
      "  0.00000000e+000 3.48303219e-017]\n",
      " [0.00000000e+000 0.00000000e+000 0.00000000e+000 0.00000000e+000\n",
      "  0.00000000e+000 0.00000000e+000 1.96195940e-078 0.00000000e+000\n",
      "  0.00000000e+000 0.00000000e+000]\n",
      " [0.00000000e+000 4.62646766e-079 0.00000000e+000 0.00000000e+000\n",
      "  0.00000000e+000 0.00000000e+000 0.00000000e+000 6.19692243e-032\n",
      "  7.61960825e-003 1.25524887e-317]\n",
      " [0.00000000e+000 0.00000000e+000 0.00000000e+000 0.00000000e+000\n",
      "  1.96195940e-078 0.00000000e+000 0.00000000e+000 0.00000000e+000\n",
      "  0.00000000e+000 0.00000000e+000]\n",
      " [0.00000000e+000 3.06375575e-012 1.56145960e-269 2.16739571e-266\n",
      "  0.00000000e+000 6.19692243e-032 0.00000000e+000 0.00000000e+000\n",
      "  4.95665886e-017 1.37293273e-149]\n",
      " [0.00000000e+000 2.92027770e-054 0.00000000e+000 0.00000000e+000\n",
      "  0.00000000e+000 7.61960825e-003 0.00000000e+000 4.95665886e-017\n",
      "  0.00000000e+000 1.94377036e-265]\n",
      " [0.00000000e+000 1.51005605e-080 4.76269566e-018 3.48303219e-017\n",
      "  0.00000000e+000 1.25524887e-317 0.00000000e+000 1.37293273e-149\n",
      "  1.94377036e-265 0.00000000e+000]]\n",
      "Round 5 P_X2 Matrix:\n",
      "[[0.         0.78499256 0.46200017 0.99999875 0.99999759 0.9694534\n",
      "  0.9999173  0.99999983 0.99999878 0.98975389]\n",
      " [0.78499256 0.         0.         0.         0.         0.\n",
      "  0.         0.         0.         0.        ]\n",
      " [0.46200017 0.         0.         0.         0.         0.\n",
      "  0.         0.         0.         0.        ]\n",
      " [0.99999875 0.         0.         0.         0.         0.\n",
      "  0.         0.         0.         0.        ]\n",
      " [0.99999759 0.         0.         0.         0.         0.\n",
      "  0.         0.         0.         0.        ]\n",
      " [0.9694534  0.         0.         0.         0.         0.\n",
      "  0.         0.         0.         0.        ]\n",
      " [0.9999173  0.         0.         0.         0.         0.\n",
      "  0.         0.         0.         0.        ]\n",
      " [0.99999983 0.         0.         0.         0.         0.\n",
      "  0.         0.         0.         0.        ]\n",
      " [0.99999878 0.         0.         0.         0.         0.\n",
      "  0.         0.         0.         0.        ]\n",
      " [0.98975389 0.         0.         0.         0.         0.\n",
      "  0.         0.         0.         0.        ]]\n",
      "Round 5 Combined Distance Matrix:\n",
      "[[     0.         245311.88793755 253745.34455242 253306.1018204\n",
      "  220344.64715774 241413.16429285 226509.80414817 244239.11189379\n",
      "  241790.97030128 251420.12910499]\n",
      " [245311.88793755      0.          51090.41220147  49857.55860944\n",
      "   83470.34042287  59699.01327615  74416.05082408  55776.27381629\n",
      "   59399.58646388  50996.30100968]\n",
      " [253745.34455242  51090.41220147      0.          41909.54032571\n",
      "   84422.05267988  54916.8989191   75716.39954974  52287.12999293\n",
      "   54649.44089389  43544.55478478]\n",
      " [253306.1018204   49857.55860944  41909.54032571      0.\n",
      "   85058.74049543  56029.90590132  75086.2880522   52408.18616413\n",
      "   55192.59855013  43804.07063893]\n",
      " [220344.64715774  83470.34042287  84422.05267988  85058.74049543\n",
      "       0.          81193.0977848   84132.02166844  82315.82637622\n",
      "   82135.043632    84427.68714613]\n",
      " [241413.16429285  59699.01327615  54916.8989191   56029.90590132\n",
      "   81193.0977848       0.          74913.96924326  60117.10341138\n",
      "   60633.01614609  56739.2561388 ]\n",
      " [226509.80414817  74416.05082408  75716.39954974  75086.2880522\n",
      "   84132.02166844  74913.96924326      0.          74580.00773675\n",
      "   75877.10084274  75437.92895069]\n",
      " [244239.11189379  55776.27381629  52287.12999293  52408.18616413\n",
      "   82315.82637622  60117.10341138  74580.00773675      0.\n",
      "   59201.66672442  53257.12912002]\n",
      " [241790.97030128  59399.58646388  54649.44089389  55192.59855013\n",
      "   82135.043632    60633.01614609  75877.10084274  59201.66672442\n",
      "       0.          55475.72471911]\n",
      " [251420.12910499  50996.30100968  43544.55478478  43804.07063893\n",
      "   84427.68714613  56739.2561388   75437.92895069  53257.12912002\n",
      "   55475.72471911      0.        ]]\n",
      "Round 5 Average distances:\n",
      "[217808.11612092  73001.74245614  71228.17738999  71265.29905577\n",
      "  88749.94573635  74565.54251138  83666.95710161  73418.24352359\n",
      "  74435.51482735  71510.27816131]\n",
      "Round 5, Outliers: [ True  True  True  True  True  True  True  True  True  True]\n",
      "Round 5, Client with highest average distance: 0\n",
      "Round 6, Metrics: OrderedDict([('broadcast', ()), ('aggregation', OrderedDict([('value_sum_process', ()), ('weight_sum_process', ())])), ('train', OrderedDict([('sparse_categorical_accuracy', 0.9525667), ('loss', 0.16118997)]))])\n",
      "Round 6 Delta Class Matrix:\n",
      "[[   0. 8902. 8967. 8978. 8972. 9120. 9001. 8968. 8830. 8999.]\n",
      " [8902.    0. 1865. 1757. 1798. 2056. 1809. 1791. 1819. 1710.]\n",
      " [8967. 1865.    0. 1899. 1847. 1989. 1909. 1789. 1878. 1794.]\n",
      " [8978. 1757. 1899.    0. 1847. 1996. 1945. 1808. 1777. 1781.]\n",
      " [8972. 1798. 1847. 1847.    0. 2023. 1871. 1823. 1825. 1748.]\n",
      " [9120. 2056. 1989. 1996. 2023.    0. 2132. 2006. 1953. 1801.]\n",
      " [9001. 1809. 1909. 1945. 1871. 2132.    0. 1879. 1947. 1757.]\n",
      " [8968. 1791. 1789. 1808. 1823. 2006. 1879.    0. 1900. 1737.]\n",
      " [8830. 1819. 1878. 1777. 1825. 1953. 1947. 1900.    0. 1760.]\n",
      " [8999. 1710. 1794. 1781. 1748. 1801. 1757. 1737. 1760.    0.]]\n",
      "Round 6 Delta Score Matrix:\n",
      "[[    0. 99886. 99905. 99907. 99896. 99896. 99897. 99904. 99890. 99885.]\n",
      " [99886.     0. 43478. 33964. 34101. 32773. 33822. 30634. 35567. 28480.]\n",
      " [99905. 43478.     0. 47045. 46631. 45797. 45955. 43533. 47782. 42556.]\n",
      " [99907. 33964. 47045.     0. 37922. 35755. 38501. 34453. 38638. 32729.]\n",
      " [99896. 34101. 46631. 37922.     0. 36634. 38246. 34922. 39110. 33463.]\n",
      " [99896. 32773. 45797. 35755. 36634.     0. 37038. 32911. 36993. 30264.]\n",
      " [99897. 33822. 45955. 38501. 38246. 37038.     0. 34259. 39598. 32230.]\n",
      " [99904. 30634. 43533. 34453. 34922. 32911. 34259.     0. 36453. 28579.]\n",
      " [99890. 35567. 47782. 38638. 39110. 36993. 39598. 36453.     0. 34371.]\n",
      " [99885. 28480. 42556. 32729. 33463. 30264. 32230. 28579. 34371.     0.]]\n",
      "Round 6 P_KS Matrix:\n",
      "[[0.00000000e+000 0.00000000e+000 0.00000000e+000 0.00000000e+000\n",
      "  0.00000000e+000 0.00000000e+000 0.00000000e+000 0.00000000e+000\n",
      "  0.00000000e+000 0.00000000e+000]\n",
      " [0.00000000e+000 0.00000000e+000 0.00000000e+000 5.56955167e-098\n",
      "  1.56466054e-119 4.68041442e-013 7.52171735e-096 9.95409331e-001\n",
      "  6.60973625e-194 2.02653689e-040]\n",
      " [0.00000000e+000 0.00000000e+000 0.00000000e+000 0.00000000e+000\n",
      "  0.00000000e+000 0.00000000e+000 0.00000000e+000 0.00000000e+000\n",
      "  0.00000000e+000 0.00000000e+000]\n",
      " [0.00000000e+000 5.56955167e-098 0.00000000e+000 0.00000000e+000\n",
      "  9.56889256e-002 1.17247414e-040 8.46021688e-001 5.52897064e-091\n",
      "  3.09545063e-017 6.28421002e-263]\n",
      " [0.00000000e+000 1.56466054e-119 0.00000000e+000 9.56889256e-002\n",
      "  0.00000000e+000 8.19074959e-055 8.18434912e-002 9.64894613e-112\n",
      "  2.71126521e-010 1.70156659e-297]\n",
      " [0.00000000e+000 4.68041442e-013 0.00000000e+000 1.17247414e-040\n",
      "  8.19074959e-055 0.00000000e+000 2.70692807e-039 1.05460427e-010\n",
      "  6.03327390e-108 1.30691029e-097]\n",
      " [0.00000000e+000 7.52171735e-096 0.00000000e+000 8.46021688e-001\n",
      "  8.18434912e-002 2.70692807e-039 0.00000000e+000 4.34269292e-089\n",
      "  1.59295139e-018 2.01837675e-259]\n",
      " [0.00000000e+000 9.95409331e-001 0.00000000e+000 5.52897064e-091\n",
      "  9.64894613e-112 1.05460427e-010 4.34269292e-089 0.00000000e+000\n",
      "  3.66730290e-184 3.40049232e-045]\n",
      " [0.00000000e+000 6.60973625e-194 0.00000000e+000 3.09545063e-017\n",
