{
 "cells": [
  {
   "cell_type": "code",
   "execution_count": 1,
   "metadata": {},
   "outputs": [
    {
     "name": "stdout",
     "output_type": "stream",
     "text": [
      "Round 1, Metrics: OrderedDict([('broadcast', ()), ('aggregation', OrderedDict([('value_sum_process', ()), ('weight_sum_process', ())])), ('train', OrderedDict([('sparse_categorical_accuracy', 0.8445333), ('loss', 0.5842217)]))])\n",
      "Round 1 Delta Class Matrix:\n",
      "[[   0. 8817. 8870. 8833. 8920. 8658. 8876. 8852. 8909. 8812.]\n",
      " [8817.    0. 2142. 2032. 1938. 1878. 1710. 2070. 2010. 1801.]\n",
      " [8870. 2142.    0. 2163. 2323. 2109. 2050. 2191. 2126. 2100.]\n",
      " [8833. 2032. 2163.    0. 2178. 2137. 1927. 2213. 2010. 2081.]\n",
      " [8920. 1938. 2323. 2178.    0. 1938. 1843. 2185. 2112. 1969.]\n",
      " [8658. 1878. 2109. 2137. 1938.    0. 1790. 2030. 2058. 1867.]\n",
      " [8876. 1710. 2050. 1927. 1843. 1790.    0. 1920. 1904. 1726.]\n",
      " [8852. 2070. 2191. 2213. 2185. 2030. 1920.    0. 2227. 1947.]\n",
      " [8909. 2010. 2126. 2010. 2112. 2058. 1904. 2227.    0. 1975.]\n",
      " [8812. 1801. 2100. 2081. 1969. 1867. 1726. 1947. 1975.    0.]]\n",
      "Round 1 Delta Score Matrix:\n",
      "[[    0. 99980. 99987. 99984. 99987. 99987. 99988. 99985. 99978. 99984.]\n",
      " [99980.     0. 40633. 33956. 43617. 39192. 34936. 37950. 36253. 34552.]\n",
      " [99987. 40633.     0. 39647. 48209. 45437. 40391. 42193. 41283. 40116.]\n",
      " [99984. 33956. 39647.     0. 43631. 39643. 34327. 37422. 35110. 34342.]\n",
      " [99987. 43617. 48209. 43631.     0. 47509. 43138. 45156. 45543. 43380.]\n",
      " [99987. 39192. 45437. 39643. 47509.     0. 39719. 42371. 41629. 39255.]\n",
      " [99988. 34936. 40391. 34327. 43138. 39719.     0. 37367. 36825. 34434.]\n",
      " [99985. 37950. 42193. 37422. 45156. 42371. 37367.     0. 39884. 36633.]\n",
      " [99978. 36253. 41283. 35110. 45543. 41629. 36825. 39884.     0. 36201.]\n",
      " [99984. 34552. 40116. 34342. 43380. 39255. 34434. 36633. 36201.     0.]]\n",
      "Round 1 P_KS Matrix:\n",
      "[[0.00000000e+000 0.00000000e+000 0.00000000e+000 0.00000000e+000\n",
      "  0.00000000e+000 0.00000000e+000 0.00000000e+000 0.00000000e+000\n",
      "  0.00000000e+000 0.00000000e+000]\n",
      " [0.00000000e+000 0.00000000e+000 3.85751523e-241 5.73929074e-007\n",
      "  0.00000000e+000 2.07758978e-185 2.12565980e-001 2.01745146e-042\n",
      "  1.67388635e-014 3.35624804e-002]\n",
      " [0.00000000e+000 3.85751523e-241 0.00000000e+000 0.00000000e+000\n",
      "  1.66278223e-079 9.04464290e-006 4.40848578e-212 4.37644808e-082\n",
      "  3.16190037e-139 8.48769033e-274]\n",
      " [0.00000000e+000 5.73929074e-007 0.00000000e+000 0.00000000e+000\n",
      "  0.00000000e+000 4.18811974e-261 9.22210768e-013 7.36360365e-082\n",
      "  6.79745597e-040 8.70813485e-003]\n",
      " [0.00000000e+000 0.00000000e+000 1.66278223e-079 0.00000000e+000\n",
      "  0.00000000e+000 1.00104390e-116 0.00000000e+000 3.36952770e-321\n",
      "  0.00000000e+000 0.00000000e+000]\n",
      " [0.00000000e+000 2.07758978e-185 9.04464290e-006 4.18811974e-261\n",
      "  1.00104390e-116 0.00000000e+000 4.09699211e-160 3.47335905e-051\n",
      "  7.40242174e-098 3.25975165e-214]\n",
      " [0.00000000e+000 2.12565980e-001 4.40848578e-212 9.22210768e-013\n",
      "  0.00000000e+000 4.09699211e-160 0.00000000e+000 6.86179790e-031\n",
      "  3.60402304e-008 1.31412930e-004]\n",
      " [0.00000000e+000 2.01745146e-042 4.37644808e-082 7.36360365e-082\n",
      "  3.36952770e-321 3.47335905e-051 6.86179790e-031 0.00000000e+000\n",
      "  3.32621400e-008 1.05039477e-056]\n",
      " [0.00000000e+000 1.67388635e-014 3.16190037e-139 6.79745597e-040\n",
      "  0.00000000e+000 7.40242174e-098 3.60402304e-008 3.32621400e-008\n",
      "  0.00000000e+000 2.27795402e-023]\n",
      " [0.00000000e+000 3.35624804e-002 8.48769033e-274 8.70813485e-003\n",
      "  0.00000000e+000 3.25975165e-214 1.31412930e-004 1.05039477e-056\n",
      "  2.27795402e-023 0.00000000e+000]]\n",
      "Round 1 P_X2 Matrix:\n",
      "[[0. 1. 1. 1. 1. 1. 1. 1. 1. 1.]\n",
      " [1. 0. 0. 0. 0. 0. 0. 0. 0. 0.]\n",
      " [1. 0. 0. 0. 0. 0. 0. 0. 0. 0.]\n",
      " [1. 0. 0. 0. 0. 0. 0. 0. 0. 0.]\n",
      " [1. 0. 0. 0. 0. 0. 0. 0. 0. 0.]\n",
      " [1. 0. 0. 0. 0. 0. 0. 0. 0. 0.]\n",
      " [1. 0. 0. 0. 0. 0. 0. 0. 0. 0.]\n",
      " [1. 0. 0. 0. 0. 0. 0. 0. 0. 0.]\n",
      " [1. 0. 0. 0. 0. 0. 0. 0. 0. 0.]\n",
      " [1. 0. 0. 0. 0. 0. 0. 0. 0. 0.]]\n",
      "Round 1 Distance Matrix:\n",
      "[[0.         3.16227766 3.16227766 3.16227766 3.16227766 3.16227766\n",
      "  3.16227766 3.16227766 3.16227766 3.16227766]\n",
      " [3.16227766 0.         0.         0.         0.         0.\n",
      "  0.         0.         0.         0.        ]\n",
      " [3.16227766 0.         0.         0.         0.         0.\n",
      "  0.         0.         0.         0.        ]\n",
      " [3.16227766 0.         0.         0.         0.         0.\n",
      "  0.         0.         0.         0.        ]\n",
      " [3.16227766 0.         0.         0.         0.         0.\n",
      "  0.         0.         0.         0.        ]\n",
      " [3.16227766 0.         0.         0.         0.         0.\n",
      "  0.         0.         0.         0.        ]\n",
      " [3.16227766 0.         0.         0.         0.         0.\n",
      "  0.         0.         0.         0.        ]\n",
      " [3.16227766 0.         0.         0.         0.         0.\n",
      "  0.         0.         0.         0.        ]\n",
      " [3.16227766 0.         0.         0.         0.         0.\n",
      "  0.         0.         0.         0.        ]\n",
      " [3.16227766 0.         0.         0.         0.         0.\n",
      "  0.         0.         0.         0.        ]]\n",
      "Round 1 Average distances:\n",
      "[2.84604989 0.31622777 0.31622777 0.31622777 0.31622777 0.31622777\n",
      " 0.31622777 0.31622777 0.31622777 0.31622777]\n",
      "Round 1, Client with highest average distance: 0\n",
      "Round 2, Metrics: OrderedDict([('broadcast', ()), ('aggregation', OrderedDict([('value_sum_process', ()), ('weight_sum_process', ())])), ('train', OrderedDict([('sparse_categorical_accuracy', 0.91525), ('loss', 0.2915352)]))])\n",
      "Round 2 Delta Class Matrix:\n",
      "[[   0. 8941. 8912. 8841. 8952. 8758. 8893. 8819. 8919. 8748.]\n",
      " [8941.    0. 2039. 2098. 2008. 2042. 2040. 2099. 2096. 2050.]\n",
      " [8912. 2039.    0. 2021. 1917. 2094. 1940. 2048. 2017. 1908.]\n",
      " [8841. 2098. 2021.    0. 2077. 2080. 2189. 2068. 2209. 2033.]\n",
      " [8952. 2008. 1917. 2077.    0. 2135. 1963. 1993. 1907. 1870.]\n",
      " [8758. 2042. 2094. 2080. 2135.    0. 2181. 2116. 2166. 2080.]\n",
      " [8893. 2040. 1940. 2189. 1963. 2181.    0. 2008. 1932. 2113.]\n",
      " [8819. 2099. 2048. 2068. 1993. 2116. 2008.    0. 2047. 2035.]\n",
      " [8919. 2096. 2017. 2209. 1907. 2166. 1932. 2047.    0. 2072.]\n",
      " [8748. 2050. 1908. 2033. 1870. 2080. 2113. 2035. 2072.    0.]]\n",
      "Round 2 Delta Score Matrix:\n",
      "[[    0. 99129. 98794. 99341. 98767. 99009. 98950. 98823. 98856. 98772.]\n",
      " [99129.     0. 40200. 36805. 34005. 40114. 38573. 36323. 36914. 34052.]\n",
      " [98794. 40200.     0. 38881. 35762. 43112. 40036. 37747. 38577. 35067.]\n",
      " [99341. 36805. 38881.     0. 33343. 40353. 38048. 34715. 36772. 32596.]\n",
      " [98767. 34005. 35762. 33343.     0. 37715. 34486. 31631. 32574. 28709.]\n",
      " [99009. 40114. 43112. 40353. 37715.     0. 41674. 39402. 40150. 36957.]\n",
      " [98950. 38573. 40036. 38048. 34486. 41674.     0. 35579. 36716. 34426.]\n",
      " [98823. 36323. 37747. 34715. 31631. 39402. 35579.     0. 34554. 30723.]\n",
      " [98856. 36914. 38577. 36772. 32574. 40150. 36716. 34554.     0. 32624.]\n",
      " [98772. 34052. 35067. 32596. 28709. 36957. 34426. 30723. 32624.     0.]]\n",
      "Round 2 P_KS Matrix:\n",
      "[[0.00000000e+000 0.00000000e+000 0.00000000e+000 0.00000000e+000\n",
      "  0.00000000e+000 0.00000000e+000 0.00000000e+000 0.00000000e+000\n",
      "  0.00000000e+000 0.00000000e+000]\n",
      " [0.00000000e+000 0.00000000e+000 5.14812717e-025 3.88751403e-010\n",
      "  1.73501425e-153 1.38696537e-057 1.36235876e-002 4.99768400e-045\n",
      "  5.88186470e-007 3.43082009e-215]\n",
      " [0.00000000e+000 5.14812717e-025 0.00000000e+000 1.81229492e-065\n",
      "  9.59157492e-301 4.51925232e-015 3.81278913e-013 1.03897781e-135\n",
      "  1.16672273e-054 0.00000000e+000]\n",
      " [0.00000000e+000 3.88751403e-010 1.81229492e-065 0.00000000e+000\n",
      "  2.12241793e-086 1.64824468e-113 6.65800795e-021 2.27651452e-013\n",
      "  5.89980907e-001 8.92827394e-134]\n",
      " [0.00000000e+000 1.73501425e-153 9.59157492e-301 2.12241793e-086\n",
      "  0.00000000e+000 0.00000000e+000 3.29768333e-190 5.67670935e-033\n",
      "  9.25271619e-100 1.10347848e-005]\n",
      " [0.00000000e+000 1.38696537e-057 4.51925232e-015 1.64824468e-113\n",
      "  0.00000000e+000 0.00000000e+000 7.92382735e-039 4.03621950e-202\n",
      "  2.66130210e-100 0.00000000e+000]\n",
      " [0.00000000e+000 1.36235876e-002 3.81278913e-013 6.65800795e-021\n",
      "  3.29768333e-190 7.92382735e-039 0.00000000e+000 7.14549206e-066\n",
      "  1.93134760e-015 2.79450627e-258]\n",
      " [0.00000000e+000 4.99768400e-045 1.03897781e-135 2.27651452e-013\n",
      "  5.67670935e-033 4.03621950e-202 7.14549206e-066 0.00000000e+000\n",
      "  8.61419689e-019 3.65774121e-064]\n",
      " [0.00000000e+000 5.88186470e-007 1.16672273e-054 5.89980907e-001\n",
      "  9.25271619e-100 2.66130210e-100 1.93134760e-015 8.61419689e-019\n",
      "  0.00000000e+000 2.65045245e-150]\n",
      " [0.00000000e+000 3.43082009e-215 0.00000000e+000 8.92827394e-134\n",
      "  1.10347848e-005 0.00000000e+000 2.79450627e-258 3.65774121e-064\n",
      "  2.65045245e-150 0.00000000e+000]]\n",
      "Round 2 P_X2 Matrix:\n",
      "[[0.00000000e+000 8.68935798e-164 4.85367453e-157 3.74939263e-157\n",
      "  2.80214111e-172 1.39804878e-144 2.25476801e-157 4.48604639e-162\n",
      "  7.69036895e-173 2.18079403e-157]\n",
      " [8.68935798e-164 0.00000000e+000 0.00000000e+000 0.00000000e+000\n",
      "  0.00000000e+000 0.00000000e+000 0.00000000e+000 0.00000000e+000\n",
      "  0.00000000e+000 0.00000000e+000]\n",
      " [4.85367453e-157 0.00000000e+000 0.00000000e+000 0.00000000e+000\n",
      "  0.00000000e+000 0.00000000e+000 0.00000000e+000 0.00000000e+000\n",
      "  0.00000000e+000 0.00000000e+000]\n",
      " [3.74939263e-157 0.00000000e+000 0.00000000e+000 0.00000000e+000\n",
      "  0.00000000e+000 0.00000000e+000 0.00000000e+000 0.00000000e+000\n",
      "  0.00000000e+000 0.00000000e+000]\n",
      " [2.80214111e-172 0.00000000e+000 0.00000000e+000 0.00000000e+000\n",
      "  0.00000000e+000 0.00000000e+000 0.00000000e+000 0.00000000e+000\n",
      "  0.00000000e+000 0.00000000e+000]\n",
      " [1.39804878e-144 0.00000000e+000 0.00000000e+000 0.00000000e+000\n",
      "  0.00000000e+000 0.00000000e+000 0.00000000e+000 0.00000000e+000\n",
      "  0.00000000e+000 0.00000000e+000]\n",
      " [2.25476801e-157 0.00000000e+000 0.00000000e+000 0.00000000e+000\n",
      "  0.00000000e+000 0.00000000e+000 0.00000000e+000 0.00000000e+000\n",
      "  0.00000000e+000 0.00000000e+000]\n",
      " [4.48604639e-162 0.00000000e+000 0.00000000e+000 0.00000000e+000\n",
      "  0.00000000e+000 0.00000000e+000 0.00000000e+000 0.00000000e+000\n",
      "  0.00000000e+000 0.00000000e+000]\n",
      " [7.69036895e-173 0.00000000e+000 0.00000000e+000 0.00000000e+000\n",
      "  0.00000000e+000 0.00000000e+000 0.00000000e+000 0.00000000e+000\n",
      "  0.00000000e+000 0.00000000e+000]\n",
      " [2.18079403e-157 0.00000000e+000 0.00000000e+000 0.00000000e+000\n",
      "  0.00000000e+000 0.00000000e+000 0.00000000e+000 0.00000000e+000\n",
      "  0.00000000e+000 0.00000000e+000]]\n",
      "Round 2 Distance Matrix:\n",
      "[[0.00000000e+000 1.39804878e-144 1.39804878e-144 1.39804878e-144\n",
      "  1.39804878e-144 1.97713955e-144 1.39804878e-144 1.39804878e-144\n",
      "  1.39804878e-144 1.39804878e-144]\n",
      " [1.39804878e-144 0.00000000e+000 4.85367366e-157 3.74939176e-157\n",
      "  0.00000000e+000 1.39804878e-144 2.25476714e-157 4.44551750e-162\n",
      "  0.00000000e+000 2.18079316e-157]\n",
      " [1.39804878e-144 4.85367366e-157 0.00000000e+000 1.10428190e-157\n",
      "  4.85367453e-157 1.39804878e-144 2.59890652e-157 4.85362967e-157\n",
      "  4.85367453e-157 2.67288050e-157]\n",
      " [1.39804878e-144 3.74939176e-157 1.10428190e-157 0.00000000e+000\n",
      "  3.74939263e-157 1.39804878e-144 1.49462462e-157 3.74934777e-157\n",
      "  3.74939263e-157 1.56859860e-157]\n",
      " [1.39804878e-144 0.00000000e+000 4.85367453e-157 3.74939263e-157\n",
      "  0.00000000e+000 1.39804878e-144 2.25476801e-157 4.44551750e-162\n",
      "  0.00000000e+000 2.18079403e-157]\n",
      " [1.97713955e-144 1.39804878e-144 1.39804878e-144 1.39804878e-144\n",
      "  1.39804878e-144 0.00000000e+000 1.39804878e-144 1.39804878e-144\n",
      "  1.39804878e-144 1.39804878e-144]\n",
      " [1.39804878e-144 2.25476714e-157 2.59890652e-157 1.49462462e-157\n",
      "  2.25476801e-157 1.39804878e-144 0.00000000e+000 2.25472315e-157\n",
      "  2.25476801e-157 7.39739789e-159]\n",
      " [1.39804878e-144 4.44551750e-162 4.85362967e-157 3.74934777e-157\n",
      "  4.44551750e-162 1.39804878e-144 2.25472315e-157 0.00000000e+000\n",
      "  4.44551750e-162 2.18074917e-157]\n",
      " [1.39804878e-144 0.00000000e+000 4.85367453e-157 3.74939263e-157\n",
      "  0.00000000e+000 1.39804878e-144 2.25476801e-157 4.44551750e-162\n",
      "  0.00000000e+000 2.18079403e-157]\n",
      " [1.39804878e-144 2.18079316e-157 2.67288050e-157 1.56859860e-157\n",
      "  2.18079403e-157 1.39804878e-144 7.39739789e-159 2.18074917e-157\n",
      "  2.18079403e-157 0.00000000e+000]]\n",
      "Round 2 Average distances:\n",
      "[1.31615298e-144 2.79609756e-145 2.79609756e-145 2.79609756e-145\n",
      " 2.79609756e-145 1.31615298e-144 2.79609756e-145 2.79609756e-145\n",
      " 2.79609756e-145 2.79609756e-145]\n",
      "Round 2, Client with highest average distance: 0\n",
      "Round 3, Metrics: OrderedDict([('broadcast', ()), ('aggregation', OrderedDict([('value_sum_process', ()), ('weight_sum_process', ())])), ('train', OrderedDict([('sparse_categorical_accuracy', 0.9322), ('loss', 0.23470362)]))])\n",
      "Round 3 Delta Class Matrix:\n",
      "[[   0. 9142. 8885. 8738. 8826. 9035. 8940. 8955. 8951. 9010.]\n",
      " [9142.    0. 2124. 2056. 1945. 2061. 1940. 2042. 1916. 1950.]\n",
      " [8885. 2124.    0. 1903. 1988. 2070. 1848. 1983. 1853. 1863.]\n",
      " [8738. 2056. 1903.    0. 1868. 1962. 1843. 1952. 1833. 1822.]\n",
      " [8826. 1945. 1988. 1868.    0. 1912. 1902. 1916. 1758. 1858.]\n",
      " [9035. 2061. 2070. 1962. 1912.    0. 1873. 1893. 1842. 1857.]\n",
      " [8940. 1940. 1848. 1843. 1902. 1873.    0. 1799. 1737. 1825.]\n",
      " [8955. 2042. 1983. 1952. 1916. 1893. 1799.    0. 1801. 1814.]\n",
      " [8951. 1916. 1853. 1833. 1758. 1842. 1737. 1801.    0. 1704.]\n",
      " [9010. 1950. 1863. 1822. 1858. 1857. 1825. 1814. 1704.    0.]]\n",
      "Round 3 Delta Score Matrix:\n",
      "[[    0. 99975. 99973. 99969. 99970. 99974. 99970. 99969. 99973. 99973.]\n",
      " [99975.     0. 44757. 38734. 39149. 43597. 41816. 41619. 41828. 37458.]\n",
      " [99973. 44757.     0. 37006. 38133. 42900. 40739. 40397. 40106. 36461.]\n",
      " [99969. 38734. 37006.     0. 31093. 37226. 34176. 34736. 34434. 29554.]\n",
      " [99970. 39149. 38133. 31093.     0. 37571. 35232. 35095. 34813. 30196.]\n",
      " [99974. 43597. 42900. 37226. 37571.     0. 40408. 39413. 40119. 35918.]\n",
      " [99970. 41816. 40739. 34176. 35232. 40408.     0. 37423. 37541. 33581.]\n",
      " [99969. 41619. 40397. 34736. 35095. 39413. 37423.     0. 37674. 33006.]\n",
      " [99973. 41828. 40106. 34434. 34813. 40119. 37541. 37674.     0. 33533.]\n",
      " [99973. 37458. 36461. 29554. 30196. 35918. 33581. 33006. 33533.     0.]]\n",
      "Round 3 P_KS Matrix:\n",
      "[[0.00000000e+000 0.00000000e+000 0.00000000e+000 0.00000000e+000\n",
      "  0.00000000e+000 0.00000000e+000 0.00000000e+000 0.00000000e+000\n",
      "  0.00000000e+000 0.00000000e+000]\n",
      " [0.00000000e+000 0.00000000e+000 1.46170293e-002 0.00000000e+000\n",
      "  0.00000000e+000 9.38584706e-005 1.68215957e-088 1.48118398e-101\n",
      "  9.01266049e-081 0.00000000e+000]\n",
      " [0.00000000e+000 1.46170293e-002 0.00000000e+000 0.00000000e+000\n",
      "  1.04146538e-282 7.47034619e-001 2.87679698e-063 2.30951429e-074\n",
      "  5.10627961e-057 0.00000000e+000]\n",
      " [0.00000000e+000 0.00000000e+000 0.00000000e+000 0.00000000e+000\n",
      "  5.21375470e-003 1.27284607e-315 2.72579973e-109 6.23462596e-096\n",
      "  3.24407346e-118 8.11324219e-015]\n",
      " [0.00000000e+000 0.00000000e+000 1.04146538e-282 5.21375470e-003\n",
      "  0.00000000e+000 1.86935792e-262 3.58313800e-079 8.26004276e-068\n",
      "  8.70321159e-087 2.95554848e-029]\n",
      " [0.00000000e+000 9.38584706e-005 7.47034619e-001 1.27284607e-315\n",
      "  1.86935792e-262 0.00000000e+000 5.50069194e-054 3.13770944e-064\n",
      "  6.34404918e-049 0.00000000e+000]\n",
      " [0.00000000e+000 1.68215957e-088 2.87679698e-063 2.72579973e-109\n",
      "  3.58313800e-079 5.50069194e-054 0.00000000e+000 6.57857218e-002\n",
      "  9.82617313e-001 7.83302488e-203]\n",
      " [0.00000000e+000 1.48118398e-101 2.30951429e-074 6.23462596e-096\n",
      "  8.26004276e-068 3.13770944e-064 6.57857218e-002 0.00000000e+000\n",
      "  2.32787640e-002 3.66730290e-184]\n",
      " [0.00000000e+000 9.01266049e-081 5.10627961e-057 3.24407346e-118\n",
      "  8.70321159e-087 6.34404918e-049 9.82617313e-001 2.32787640e-002\n",
      "  0.00000000e+000 4.54719598e-215]\n",
      " [0.00000000e+000 0.00000000e+000 0.00000000e+000 8.11324219e-015\n",
      "  2.95554848e-029 0.00000000e+000 7.83302488e-203 3.66730290e-184\n",
      "  4.54719598e-215 0.00000000e+000]]\n",
      "Round 3 P_X2 Matrix:\n",
      "[[0. 1. 1. 1. 1. 1. 1. 1. 1. 1.]\n",
      " [1. 0. 0. 0. 0. 0. 0. 0. 0. 0.]\n",
      " [1. 0. 0. 0. 0. 0. 0. 0. 0. 0.]\n",
      " [1. 0. 0. 0. 0. 0. 0. 0. 0. 0.]\n",
      " [1. 0. 0. 0. 0. 0. 0. 0. 0. 0.]\n",
      " [1. 0. 0. 0. 0. 0. 0. 0. 0. 0.]\n",
      " [1. 0. 0. 0. 0. 0. 0. 0. 0. 0.]\n",
      " [1. 0. 0. 0. 0. 0. 0. 0. 0. 0.]\n",
      " [1. 0. 0. 0. 0. 0. 0. 0. 0. 0.]\n",
      " [1. 0. 0. 0. 0. 0. 0. 0. 0. 0.]]\n",
      "Round 3 Distance Matrix:\n",
      "[[0.         3.16227766 3.16227766 3.16227766 3.16227766 3.16227766\n",
      "  3.16227766 3.16227766 3.16227766 3.16227766]\n",
      " [3.16227766 0.         0.         0.         0.         0.\n",
      "  0.         0.         0.         0.        ]\n",
      " [3.16227766 0.         0.         0.         0.         0.\n",
      "  0.         0.         0.         0.        ]\n",
      " [3.16227766 0.         0.         0.         0.         0.\n",
      "  0.         0.         0.         0.        ]\n",
      " [3.16227766 0.         0.         0.         0.         0.\n",
      "  0.         0.         0.         0.        ]\n",
      " [3.16227766 0.         0.         0.         0.         0.\n",
      "  0.         0.         0.         0.        ]\n",
      " [3.16227766 0.         0.         0.         0.         0.\n",
      "  0.         0.         0.         0.        ]\n",
      " [3.16227766 0.         0.         0.         0.         0.\n",
      "  0.         0.         0.         0.        ]\n",
      " [3.16227766 0.         0.         0.         0.         0.\n",
      "  0.         0.         0.         0.        ]\n",
      " [3.16227766 0.         0.         0.         0.         0.\n",
      "  0.         0.         0.         0.        ]]\n",
      "Round 3 Average distances:\n",
      "[2.84604989 0.31622777 0.31622777 0.31622777 0.31622777 0.31622777\n",
      " 0.31622777 0.31622777 0.31622777 0.31622777]\n",
      "Round 3, Client with highest average distance: 0\n",
      "Round 4, Metrics: OrderedDict([('broadcast', ()), ('aggregation', OrderedDict([('value_sum_process', ()), ('weight_sum_process', ())])), ('train', OrderedDict([('sparse_categorical_accuracy', 0.9421167), ('loss', 0.19906804)]))])\n",
      "Round 4 Delta Class Matrix:\n",
      "[[   0. 9127. 9401. 9268. 9019. 8986. 8974. 8833. 9002. 9118.]\n",
      " [9127.    0. 2098. 1887. 2042. 2056. 2041. 2150. 2077. 2169.]\n",
      " [9401. 2098.    0. 1974. 2303. 2267. 2286. 2333. 2302. 2188.]\n",
      " [9268. 1887. 1974.    0. 2045. 1913. 1921. 2043. 2006. 2094.]\n",
      " [9019. 2042. 2303. 2045.    0. 2124. 2009. 2289. 2110. 2143.]\n",
      " [8986. 2056. 2267. 1913. 2124.    0. 1914. 1970. 2059. 2320.]\n",
      " [8974. 2041. 2286. 1921. 2009. 1914.    0. 2126. 2092. 2235.]\n",
      " [8833. 2150. 2333. 2043. 2289. 1970. 2126.    0. 2147. 2252.]\n",
      " [9002. 2077. 2302. 2006. 2110. 2059. 2092. 2147.    0. 2209.]\n",
      " [9118. 2169. 2188. 2094. 2143. 2320. 2235. 2252. 2209.    0.]]\n",
      "Round 4 Delta Score Matrix:\n",
      "[[     0. 100000. 100000. 100000. 100000. 100000. 100000. 100000. 100000.\n",
      "  100000.]\n",
      " [100000.      0.  42022.  38203.  41000.  38318.  42978.  41446.  46583.\n",
      "   37802.]\n",
      " [100000.  42022.      0.  35406.  39689.  36162.  41388.  38738.  45003.\n",
      "   33779.]\n",
      " [100000.  38203.  35406.      0.  34482.  30774.  36240.  34983.  41117.\n",
      "   29777.]\n",
      " [100000.  41000.  39689.  34482.      0.  34475.  38357.  38512.  42857.\n",
      "   33164.]\n",
      " [100000.  38318.  36162.  30774.  34475.      0.  35909.  34123.  40420.\n",
      "   30236.]\n",
      " [100000.  42978.  41388.  36240.  38357.  35909.      0.  39227.  44915.\n",
      "   35420.]\n",
      " [100000.  41446.  38738.  34983.  38512.  34123.  39227.      0.  43711.\n",
      "   33669.]\n",
      " [100000.  46583.  45003.  41117.  42857.  40420.  44915.  43711.      0.\n",
      "   39932.]\n",
      " [100000.  37802.  33779.  29777.  33164.  30236.  35420.  33669.  39932.\n",
      "       0.]]\n",
      "Round 4 P_KS Matrix:\n",
      "[[0.00000000e+000 0.00000000e+000 0.00000000e+000 0.00000000e+000\n",
      "  0.00000000e+000 0.00000000e+000 0.00000000e+000 0.00000000e+000\n",
      "  0.00000000e+000 0.00000000e+000]\n",
      " [0.00000000e+000 0.00000000e+000 4.46270170e-077 0.00000000e+000\n",
      "  7.26292814e-122 0.00000000e+000 2.87456385e-041 1.63456918e-110\n",
      "  1.69334230e-033 0.00000000e+000]\n",
      " [0.00000000e+000 4.46270170e-077 0.00000000e+000 1.22593229e-172\n",
      "  7.32884147e-007 4.90601994e-144 4.50298203e-006 1.37580685e-003\n",
      "  2.90019202e-210 1.19590656e-298]\n",
      " [0.00000000e+000 0.00000000e+000 1.22593229e-172 0.00000000e+000\n",
      "  2.63342641e-118 5.91703961e-002 3.10774052e-240 6.67890095e-130\n",
      "  0.00000000e+000 1.15009982e-017]\n",
      " [0.00000000e+000 7.26292814e-122 7.32884147e-007 2.63342641e-118\n",
      "  0.00000000e+000 5.89644013e-095 5.41984365e-022 8.85394274e-002\n",
      "  3.62629256e-281 1.17715137e-225]\n",
      " [0.00000000e+000 0.00000000e+000 4.90601994e-144 5.91703961e-002\n",
      "  5.89644013e-095 0.00000000e+000 2.06454320e-206 2.29140933e-105\n",
      "  0.00000000e+000 2.40483648e-028]\n",
      " [0.00000000e+000 2.87456385e-041 4.50298203e-006 3.10774052e-240\n",
      "  5.41984365e-022 2.06454320e-206 0.00000000e+000 2.64417833e-017\n",
      "  2.64316482e-147 0.00000000e+000]\n",
      " [0.00000000e+000 1.63456918e-110 1.37580685e-003 6.67890095e-130\n",
      "  8.85394274e-002 2.29140933e-105 2.64417833e-017 0.00000000e+000\n",
      "  1.13084709e-263 1.35705030e-241]\n",
      " [0.00000000e+000 1.69334230e-033 2.90019202e-210 0.00000000e+000\n",
      "  3.62629256e-281 0.00000000e+000 2.64316482e-147 1.13084709e-263\n",
      "  0.00000000e+000 0.00000000e+000]\n",
      " [0.00000000e+000 0.00000000e+000 1.19590656e-298 1.15009982e-017\n",
      "  1.17715137e-225 2.40483648e-028 0.00000000e+000 1.35705030e-241\n",
      "  0.00000000e+000 0.00000000e+000]]\n",
      "Round 4 P_X2 Matrix:\n",
      "[[0. 1. 1. 1. 1. 1. 1. 1. 1. 1.]\n",
      " [1. 0. 0. 0. 0. 0. 0. 0. 0. 0.]\n",
      " [1. 0. 0. 0. 0. 0. 0. 0. 0. 0.]\n",
      " [1. 0. 0. 0. 0. 0. 0. 0. 0. 0.]\n",
      " [1. 0. 0. 0. 0. 0. 0. 0. 0. 0.]\n",
      " [1. 0. 0. 0. 0. 0. 0. 0. 0. 0.]\n",
      " [1. 0. 0. 0. 0. 0. 0. 0. 0. 0.]\n",
      " [1. 0. 0. 0. 0. 0. 0. 0. 0. 0.]\n",
      " [1. 0. 0. 0. 0. 0. 0. 0. 0. 0.]\n",
      " [1. 0. 0. 0. 0. 0. 0. 0. 0. 0.]]\n",
      "Round 4 Distance Matrix:\n",
      "[[0.         3.16227766 3.16227766 3.16227766 3.16227766 3.16227766\n",
      "  3.16227766 3.16227766 3.16227766 3.16227766]\n",
      " [3.16227766 0.         0.         0.         0.         0.\n",
      "  0.         0.         0.         0.        ]\n",
      " [3.16227766 0.         0.         0.         0.         0.\n",
      "  0.         0.         0.         0.        ]\n",
      " [3.16227766 0.         0.         0.         0.         0.\n",
      "  0.         0.         0.         0.        ]\n",
      " [3.16227766 0.         0.         0.         0.         0.\n",
      "  0.         0.         0.         0.        ]\n",
      " [3.16227766 0.         0.         0.         0.         0.\n",
      "  0.         0.         0.         0.        ]\n",
      " [3.16227766 0.         0.         0.         0.         0.\n",
      "  0.         0.         0.         0.        ]\n",
      " [3.16227766 0.         0.         0.         0.         0.\n",
      "  0.         0.         0.         0.        ]\n",
      " [3.16227766 0.         0.         0.         0.         0.\n",
      "  0.         0.         0.         0.        ]\n",
      " [3.16227766 0.         0.         0.         0.         0.\n",
      "  0.         0.         0.         0.        ]]\n",
      "Round 4 Average distances:\n",
      "[2.84604989 0.31622777 0.31622777 0.31622777 0.31622777 0.31622777\n",
      " 0.31622777 0.31622777 0.31622777 0.31622777]\n",
      "Round 4, Client with highest average distance: 0\n",
      "Round 5, Metrics: OrderedDict([('broadcast', ()), ('aggregation', OrderedDict([('value_sum_process', ()), ('weight_sum_process', ())])), ('train', OrderedDict([('sparse_categorical_accuracy', 0.94921666), ('loss', 0.17419934)]))])\n",
      "Round 5 Delta Class Matrix:\n",
      "[[   0. 8984. 8866. 8807. 8868. 8759. 9006. 8912. 8694. 8924.]\n",
      " [8984.    0. 2208. 2005. 1998. 2086. 2030. 2286. 2247. 2360.]\n",
      " [8866. 2208.    0. 1858. 1957. 1901. 2067. 1966. 2297. 2062.]\n",
      " [8807. 2005. 1858.    0. 1788. 1815. 1913. 1939. 2005. 1925.]\n",
      " [8868. 1998. 1957. 1788.    0. 1850. 1920. 2010. 2143. 2113.]\n",
      " [8759. 2086. 1901. 1815. 1850.    0. 1968. 1998. 2222. 2203.]\n",
      " [9006. 2030. 2067. 1913. 1920. 1968.    0. 2090. 2194. 2082.]\n",
      " [8912. 2286. 1966. 1939. 2010. 1998. 2090.    0. 2299. 1972.]\n",
      " [8694. 2247. 2297. 2005. 2143. 2222. 2194. 2299.    0. 2253.]\n",
      " [8924. 2360. 2062. 1925. 2113. 2203. 2082. 1972. 2253.    0.]]\n",
      "Round 5 Delta Score Matrix:\n",
      "[[    0. 98945. 99089. 98919. 99031. 99308. 99512. 99178. 99593. 98995.]\n",
      " [98945.     0. 28864. 26816. 34387. 30384. 41137. 38466. 48088. 32332.]\n",
      " [99089. 28864.     0. 27568. 35651. 31061. 42541. 37727. 48689. 32154.]\n",
      " [98919. 26816. 27568.     0. 34368. 30121. 41217. 37408. 47626. 31302.]\n",
      " [99031. 34387. 35651. 34368.     0. 37191. 46405. 43536. 51428. 38748.]\n",
      " [99308. 30384. 31061. 30121. 37191.     0. 43224. 40192. 49735. 35082.]\n",
      " [99512. 41137. 42541. 41217. 46405. 43224.     0. 48344. 55647. 44348.]\n",
      " [99178. 38466. 37727. 37408. 43536. 40192. 48344.     0. 54004. 39842.]\n",
      " [99593. 48088. 48689. 47626. 51428. 49735. 55647. 54004.     0. 50234.]\n",
      " [98995. 32332. 32154. 31302. 38748. 35082. 44348. 39842. 50234.     0.]]\n",
      "Round 5 P_KS Matrix:\n",
      "[[0.00000000e+000 0.00000000e+000 0.00000000e+000 0.00000000e+000\n",
      "  0.00000000e+000 0.00000000e+000 0.00000000e+000 0.00000000e+000\n",
      "  0.00000000e+000 0.00000000e+000]\n",
      " [0.00000000e+000 0.00000000e+000 4.25493354e-025 1.39947547e-003\n",
      "  0.00000000e+000 1.26065821e-096 0.00000000e+000 0.00000000e+000\n",
      "  0.00000000e+000 7.86578509e-189]\n",
      " [0.00000000e+000 4.25493354e-025 0.00000000e+000 1.15648458e-010\n",
      "  9.56343108e-319 5.95425670e-024 0.00000000e+000 0.00000000e+000\n",
      "  0.00000000e+000 1.49349808e-077]\n",
      " [0.00000000e+000 1.39947547e-003 1.15648458e-010 0.00000000e+000\n",
      "  0.00000000e+000 4.95101671e-065 0.00000000e+000 0.00000000e+000\n",
      "  0.00000000e+000 1.95044343e-143]\n",
      " [0.00000000e+000 0.00000000e+000 9.56343108e-319 0.00000000e+000\n",
      "  0.00000000e+000 2.58870180e-169 9.73427768e-256 1.35587847e-049\n",
      "  0.00000000e+000 7.68473735e-083]\n",
      " [0.00000000e+000 1.26065821e-096 5.95425670e-024 4.95101671e-065\n",
      "  2.58870180e-169 0.00000000e+000 0.00000000e+000 0.00000000e+000\n",
      "  0.00000000e+000 3.54980964e-016]\n",
      " [0.00000000e+000 0.00000000e+000 0.00000000e+000 0.00000000e+000\n",
      "  9.73427768e-256 0.00000000e+000 0.00000000e+000 7.58699855e-081\n",
      "  2.75077954e-251 0.00000000e+000]\n",
      " [0.00000000e+000 0.00000000e+000 0.00000000e+000 0.00000000e+000\n",
      "  1.35587847e-049 0.00000000e+000 7.58699855e-081 0.00000000e+000\n",
      "  0.00000000e+000 2.01837675e-259]\n",
      " [0.00000000e+000 0.00000000e+000 0.00000000e+000 0.00000000e+000\n",
      "  0.00000000e+000 0.00000000e+000 2.75077954e-251 0.00000000e+000\n",
      "  0.00000000e+000 0.00000000e+000]\n",
      " [0.00000000e+000 7.86578509e-189 1.49349808e-077 1.95044343e-143\n",
      "  7.68473735e-083 3.54980964e-016 0.00000000e+000 2.01837675e-259\n",
      "  0.00000000e+000 0.00000000e+000]]\n",
      "Round 5 P_X2 Matrix:\n",
      "[[0.00000000e+000 1.05091180e-088 1.45384584e-103 6.54412933e-096\n",
      "  9.22470349e-098 2.34699093e-108 4.65293371e-105 1.18876698e-112\n",
      "  1.03915955e-106 7.28414357e-118]\n",
      " [1.05091180e-088 0.00000000e+000 0.00000000e+000 0.00000000e+000\n",
      "  0.00000000e+000 0.00000000e+000 0.00000000e+000 0.00000000e+000\n",
      "  0.00000000e+000 0.00000000e+000]\n",
      " [1.45384584e-103 0.00000000e+000 0.00000000e+000 0.00000000e+000\n",
      "  0.00000000e+000 0.00000000e+000 0.00000000e+000 0.00000000e+000\n",
      "  0.00000000e+000 0.00000000e+000]\n",
      " [6.54412933e-096 0.00000000e+000 0.00000000e+000 0.00000000e+000\n",
      "  0.00000000e+000 0.00000000e+000 0.00000000e+000 0.00000000e+000\n",
      "  0.00000000e+000 0.00000000e+000]\n",
      " [9.22470349e-098 0.00000000e+000 0.00000000e+000 0.00000000e+000\n",
      "  0.00000000e+000 0.00000000e+000 0.00000000e+000 0.00000000e+000\n",
      "  0.00000000e+000 0.00000000e+000]\n",
      " [2.34699093e-108 0.00000000e+000 0.00000000e+000 0.00000000e+000\n",
      "  0.00000000e+000 0.00000000e+000 0.00000000e+000 0.00000000e+000\n",
      "  0.00000000e+000 0.00000000e+000]\n",
      " [4.65293371e-105 0.00000000e+000 0.00000000e+000 0.00000000e+000\n",
      "  0.00000000e+000 0.00000000e+000 0.00000000e+000 0.00000000e+000\n",
      "  0.00000000e+000 0.00000000e+000]\n",
      " [1.18876698e-112 0.00000000e+000 0.00000000e+000 0.00000000e+000\n",
      "  0.00000000e+000 0.00000000e+000 0.00000000e+000 0.00000000e+000\n",
      "  0.00000000e+000 0.00000000e+000]\n",
      " [1.03915955e-106 0.00000000e+000 0.00000000e+000 0.00000000e+000\n",
      "  0.00000000e+000 0.00000000e+000 0.00000000e+000 0.00000000e+000\n",
      "  0.00000000e+000 0.00000000e+000]\n",
      " [7.28414357e-118 0.00000000e+000 0.00000000e+000 0.00000000e+000\n",
      "  0.00000000e+000 0.00000000e+000 0.00000000e+000 0.00000000e+000\n",
      "  0.00000000e+000 0.00000000e+000]]\n",
      "Round 5 Distance Matrix:\n",
      "[[0.00000000e+000 1.48621373e-088 1.05091180e-088 1.05091180e-088\n",
      "  1.05091180e-088 1.05091180e-088 1.05091180e-088 1.05091180e-088\n",
      "  1.05091180e-088 1.05091180e-088]\n",
      " [1.48621373e-088 0.00000000e+000 1.05091180e-088 1.05091174e-088\n",
      "  1.05091180e-088 1.05091180e-088 1.05091180e-088 1.05091180e-088\n",
      "  1.05091180e-088 1.05091180e-088]\n",
      " [1.05091180e-088 1.05091180e-088 0.00000000e+000 6.54412918e-096\n",
      "  9.22468895e-098 1.45382237e-103 1.40731650e-103 1.45384584e-103\n",
      "  1.45280668e-103 1.45384584e-103]\n",
      " [1.05091180e-088 1.05091174e-088 6.54412918e-096 0.00000000e+000\n",
      "  6.45188229e-096 6.54412933e-096 6.54412932e-096 6.54412933e-096\n",
      "  6.54412933e-096 6.54412933e-096]\n",
      " [1.05091180e-088 1.05091180e-088 9.22468895e-098 6.45188229e-096\n",
      "  0.00000000e+000 9.22470349e-098 9.22470302e-098 9.22470349e-098\n",
      "  9.22470348e-098 9.22470349e-098]\n",
      " [1.05091180e-088 1.05091180e-088 1.45382237e-103 6.54412933e-096\n",
      "  9.22470349e-098 0.00000000e+000 4.65058672e-105 2.34687205e-108\n",
      "  1.01568964e-106 2.34699093e-108]\n",
      " [1.05091180e-088 1.05091180e-088 1.40731650e-103 6.54412932e-096\n",
      "  9.22470302e-098 4.65058672e-105 0.00000000e+000 4.65293359e-105\n",
      "  4.54901775e-105 4.65293371e-105]\n",
      " [1.05091180e-088 1.05091180e-088 1.45384584e-103 6.54412933e-096\n",
      "  9.22470349e-098 2.34687205e-108 4.65293359e-105 0.00000000e+000\n",
      "  1.03915836e-106 1.18875969e-112]\n",
      " [1.05091180e-088 1.05091180e-088 1.45280668e-103 6.54412933e-096\n",
      "  9.22470348e-098 1.01568964e-106 4.54901775e-105 1.03915836e-106\n",
      "  0.00000000e+000 1.03915955e-106]\n",
      " [1.05091180e-088 1.05091180e-088 1.45384584e-103 6.54412933e-096\n",
      "  9.22470349e-098 2.34699093e-108 4.65293371e-105 1.18875969e-112\n",
      "  1.03915955e-106 0.00000000e+000]]\n",
      "Round 5 Average distances:\n",
      "[9.89350816e-89 9.89350809e-89 2.10182367e-89 2.10182400e-89\n",
      " 2.10182368e-89 2.10182367e-89 2.10182367e-89 2.10182367e-89\n",
      " 2.10182367e-89 2.10182367e-89]\n",
      "Round 5, Client with highest average distance: 0\n",
      "Round 6, Metrics: OrderedDict([('broadcast', ()), ('aggregation', OrderedDict([('value_sum_process', ()), ('weight_sum_process', ())])), ('train', OrderedDict([('sparse_categorical_accuracy', 0.9547167), ('loss', 0.15546098)]))])\n",
      "Round 6 Delta Class Matrix:\n",
      "[[   0. 9244. 9079. 8982. 9147. 9238. 9089. 8848. 9092. 9081.]\n",
      " [9244.    0. 1950. 1745. 1972. 1899. 1879. 2019. 1935. 1773.]\n",
      " [9079. 1950.    0. 1698. 1864. 1838. 1806. 1947. 1894. 1765.]\n",
      " [8982. 1745. 1698.    0. 1799. 1725. 1586. 1837. 1788. 1676.]\n",
      " [9147. 1972. 1864. 1799.    0. 1928. 1826. 1984. 1903. 1933.]\n",
      " [9238. 1899. 1838. 1725. 1928.    0. 1747. 2058. 1881. 1737.]\n",
      " [9089. 1879. 1806. 1586. 1826. 1747.    0. 1959. 1824. 1786.]\n",
      " [8848. 2019. 1947. 1837. 1984. 2058. 1959.    0. 1941. 1960.]\n",
      " [9092. 1935. 1894. 1788. 1903. 1881. 1824. 1941.    0. 1851.]\n",
      " [9081. 1773. 1765. 1676. 1933. 1737. 1786. 1960. 1851.    0.]]\n",
      "Round 6 Delta Score Matrix:\n",
      "[[    0. 99674. 99696. 99620. 99701. 99744. 99728. 99687. 99710. 99714.]\n",
      " [99674.     0. 46423. 32335. 34849. 38462. 34728. 37751. 34969. 31403.]\n",
      " [99696. 46423.     0. 43730. 45438. 49013. 46167. 47530. 46146. 43617.]\n",
      " [99620. 32335. 43730.     0. 30344. 35586. 30493. 33810. 31959. 26953.]\n",
      " [99701. 34849. 45438. 30344.     0. 37704. 33276. 36115. 34047. 30033.]\n",
      " [99744. 38462. 49013. 35586. 37704.     0. 36770. 40230. 37671. 33934.]\n",
      " [99728. 34728. 46167. 30493. 33276. 36770.     0. 36491. 33535. 29837.]\n",
      " [99687. 37751. 47530. 33810. 36115. 40230. 36491.     0. 37113. 33526.]\n",
      " [99710. 34969. 46146. 31959. 34047. 37671. 33535. 37113.     0. 30495.]\n",
      " [99714. 31403. 43617. 26953. 30033. 33934. 29837. 33526. 30495.     0.]]\n",
      "Round 6 P_KS Matrix:\n",
      "[[0.00000000e+000 0.00000000e+000 0.00000000e+000 0.00000000e+000\n",
      "  0.00000000e+000 0.00000000e+000 0.00000000e+000 0.00000000e+000\n",
      "  0.00000000e+000 0.00000000e+000]\n",
      " [0.00000000e+000 0.00000000e+000 0.00000000e+000 2.51120885e-151\n",
      "  2.56434311e-030 4.30899700e-046 8.63715773e-021 4.19898374e-015\n",
      "  1.01646168e-004 2.92772936e-244]\n",
      " [0.00000000e+000 0.00000000e+000 0.00000000e+000 0.00000000e+000\n",
      "  0.00000000e+000 0.00000000e+000 0.00000000e+000 0.00000000e+000\n",
      "  0.00000000e+000 0.00000000e+000]\n",
      " [0.00000000e+000 2.51120885e-151 0.00000000e+000 0.00000000e+000\n",
      "  4.69222172e-047 0.00000000e+000 4.74286668e-062 4.37463882e-259\n",
      "  2.52830457e-105 9.29758541e-012]\n",
      " [0.00000000e+000 2.56434311e-030 0.00000000e+000 4.69222172e-047\n",
      "  0.00000000e+000 7.08383187e-149 1.66827163e-001 3.31192129e-086\n",
      "  2.86801600e-012 1.54697330e-103]\n",
      " [0.00000000e+000 4.30899700e-046 0.00000000e+000 0.00000000e+000\n",
      "  7.08383187e-149 0.00000000e+000 4.65788269e-125 3.77073144e-009\n",
      "  1.15955030e-077 0.00000000e+000]\n",
      " [0.00000000e+000 8.63715773e-021 0.00000000e+000 4.74286668e-062\n",
      "  1.66827163e-001 4.65788269e-125 0.00000000e+000 2.15670641e-068\n",
      "  6.08795639e-009 2.44670321e-125]\n",
      " [0.00000000e+000 4.19898374e-015 0.00000000e+000 4.37463882e-259\n",
      "  3.31192129e-086 3.77073144e-009 2.15670641e-068 0.00000000e+000\n",
      "  8.34455191e-035 0.00000000e+000]\n",
      " [0.00000000e+000 1.01646168e-004 0.00000000e+000 2.52830457e-105\n",
      "  2.86801600e-012 1.15955030e-077 6.08795639e-009 8.34455191e-035\n",
      "  0.00000000e+000 1.13451064e-184]\n",
      " [0.00000000e+000 2.92772936e-244 0.00000000e+000 9.29758541e-012\n",
      "  1.54697330e-103 0.00000000e+000 2.44670321e-125 0.00000000e+000\n",
      "  1.13451064e-184 0.00000000e+000]]\n",
      "Round 6 P_X2 Matrix:\n",
      "[[0.00000000e+00 4.42543065e-14 4.23473667e-10 3.30272014e-11\n",
      "  8.25869372e-11 1.16338056e-13 1.23053561e-11 5.06239784e-11\n",
      "  1.49997797e-14 5.62004746e-13]\n",
      " [4.42543065e-14 0.00000000e+00 0.00000000e+00 0.00000000e+00\n",
      "  0.00000000e+00 0.00000000e+00 0.00000000e+00 0.00000000e+00\n",
      "  0.00000000e+00 0.00000000e+00]\n",
      " [4.23473667e-10 0.00000000e+00 0.00000000e+00 0.00000000e+00\n",
      "  0.00000000e+00 0.00000000e+00 0.00000000e+00 0.00000000e+00\n",
      "  0.00000000e+00 0.00000000e+00]\n",
      " [3.30272014e-11 0.00000000e+00 0.00000000e+00 0.00000000e+00\n",
      "  0.00000000e+00 0.00000000e+00 0.00000000e+00 0.00000000e+00\n",
      "  0.00000000e+00 0.00000000e+00]\n",
      " [8.25869372e-11 0.00000000e+00 0.00000000e+00 0.00000000e+00\n",
      "  0.00000000e+00 0.00000000e+00 0.00000000e+00 0.00000000e+00\n",
      "  0.00000000e+00 0.00000000e+00]\n",
      " [1.16338056e-13 0.00000000e+00 0.00000000e+00 0.00000000e+00\n",
      "  0.00000000e+00 0.00000000e+00 0.00000000e+00 0.00000000e+00\n",
