{
 "cells": [
  {
   "cell_type": "code",
   "execution_count": 1,
   "id": "1236e65f-8191-41df-bfd5-0d7b31a5a40b",
   "metadata": {},
   "outputs": [],
   "source": [
    "import numpy as np\n",
    "import tensorflow as tf\n",
    "from collections import Counter\n",
    "import tensorflow_federated as tff\n",
    "import matplotlib.pyplot as plt\n",
    "from scipy import stats\n",
    "from tensorflow.keras.optimizers import Adam\n",
    "from tensorflow.keras.models import Sequential\n",
    "from tensorflow.keras.datasets import mnist\n",
    "from tensorflow.keras.layers import Conv2D, MaxPooling2D, Flatten, Dense, Dropout\n",
    "\n",
    "import nest_asyncio\n",
    "nest_asyncio.apply()\n",
    "\n",
    "\n",
    "np.random.seed(42)\n",
    "tf.random.set_seed(42)\n",
    "\n",
    "\n",
    "tff.backends.native.set_local_execution_context()"
   ]
  },
  {
   "cell_type": "code",
   "execution_count": 2,
   "id": "576b1b50-780a-4ba4-a73c-8a5687e86740",
   "metadata": {},
   "outputs": [],
   "source": [
    "(x_train_m, y_train_m), (x_test_m, y_test_m) = mnist.load_data()\n",
    "\n",
    "x_train_m = x_train_m.astype('float32') / 255.0\n",
    "x_test_m = x_test_m.astype('float32') / 255.0\n",
    "\n",
    "\n",
    "x_train_m = x_train_m.reshape((x_train_m.shape[0], -1))  \n",
    "x_test_m = x_test_m.reshape((x_test_m.shape[0], -1))    \n",
    "\n",
    "y_train_m = tf.keras.utils.to_categorical(y_train_m, 10)\n",
    "y_test_m = tf.keras.utils.to_categorical(y_test_m, 10)"
   ]
  },
  {
   "cell_type": "code",
   "execution_count": 6,
   "id": "e7baa848",
   "metadata": {},
   "outputs": [
    {
     "data": {
      "text/plain": [
       "((60000, 10), (10000, 10))"
      ]
     },
     "execution_count": 6,
     "metadata": {},
     "output_type": "execute_result"
    }
   ],
   "source": [
    "y_train_m.shape, y_test_m.shape"
   ]
  },
  {
   "cell_type": "code",
   "execution_count": 7,
   "id": "0d26f98a-9a4d-4a0e-a52d-ca606295cab6",
   "metadata": {},
   "outputs": [],
   "source": [
    "def create_mnist_mlp_model():\n",
    "    model = Sequential()\n",
    "    model.add(Dense(512, activation='relu', input_shape=(784,)))     \n",
    "    model.add(Dropout(0.3))\n",
    "    model.add(Dense(512, activation='relu'))\n",
    "    model.add(Dropout(0.5))\n",
    "    model.add(Dense(10, activation='softmax'))     \n",
    "    optimizer = Adam(learning_rate=0.001)\n",
    "    model.compile(loss='categorical_crossentropy', optimizer=optimizer, metrics=['accuracy'])     \n",
    "    return model"
   ]
  },
  {
   "cell_type": "code",
   "execution_count": 11,
   "id": "c6510fa4",
   "metadata": {},
   "outputs": [
    {
     "data": {
      "text/plain": [
       "((60000, 784), (10000, 784))"
      ]
     },
     "execution_count": 11,
     "metadata": {},
     "output_type": "execute_result"
    }
   ],
   "source": [
    "x_train_m.shape, x_test_m.shape"
   ]
  },
  {
   "cell_type": "code",
   "execution_count": 13,
   "id": "e4ed1662-76c4-4c7c-b77b-69c7704ab3db",
   "metadata": {},
   "outputs": [
    {
     "name": "stdout",
     "output_type": "stream",
     "text": [
      "Epoch 1/5\n",
      "188/188 [==============================] - 1s 7ms/step - loss: 0.6311 - accuracy: 0.8008\n",
      "Epoch 2/5\n",
      "188/188 [==============================] - 1s 7ms/step - loss: 0.2696 - accuracy: 0.9170\n",
      "Epoch 3/5\n",
      "188/188 [==============================] - 1s 7ms/step - loss: 0.1683 - accuracy: 0.9498\n",
      "Epoch 4/5\n",
      "188/188 [==============================] - 1s 7ms/step - loss: 0.1356 - accuracy: 0.9587\n",
      "Epoch 5/5\n",
      "188/188 [==============================] - 1s 6ms/step - loss: 0.0954 - accuracy: 0.9668\n",
      "Epoch 1/5\n",
      "188/188 [==============================] - 1s 6ms/step - loss: 0.6482 - accuracy: 0.7945\n",
      "Epoch 2/5\n",
      "188/188 [==============================] - 1s 6ms/step - loss: 0.2820 - accuracy: 0.9172\n",
      "Epoch 3/5\n",
      "188/188 [==============================] - 1s 6ms/step - loss: 0.1857 - accuracy: 0.9420\n",
      "Epoch 4/5\n",
      "188/188 [==============================] - 1s 7ms/step - loss: 0.1484 - accuracy: 0.9537\n",
      "Epoch 5/5\n",
      "188/188 [==============================] - 1s 7ms/step - loss: 0.1082 - accuracy: 0.9660\n",
      "Epoch 1/5\n",
      "188/188 [==============================] - 1s 7ms/step - loss: 0.6470 - accuracy: 0.7930\n",
      "Epoch 2/5\n",
      "188/188 [==============================] - 1s 6ms/step - loss: 0.2611 - accuracy: 0.9195\n",
      "Epoch 3/5\n",
      "188/188 [==============================] - 1s 6ms/step - loss: 0.1921 - accuracy: 0.9370\n",
      "Epoch 4/5\n",
      "188/188 [==============================] - 1s 6ms/step - loss: 0.1418 - accuracy: 0.9548\n",
      "Epoch 5/5\n",
      "188/188 [==============================] - 1s 6ms/step - loss: 0.1054 - accuracy: 0.9652\n",
      "Epoch 1/5\n",
      "188/188 [==============================] - 1s 6ms/step - loss: 0.6293 - accuracy: 0.7967\n",
      "Epoch 2/5\n",
      "188/188 [==============================] - 1s 6ms/step - loss: 0.2595 - accuracy: 0.9215\n",
      "Epoch 3/5\n",
      "188/188 [==============================] - 1s 6ms/step - loss: 0.1896 - accuracy: 0.9405\n",
      "Epoch 4/5\n",
      "188/188 [==============================] - 1s 6ms/step - loss: 0.1371 - accuracy: 0.9572\n",
      "Epoch 5/5\n",
      "188/188 [==============================] - 1s 7ms/step - loss: 0.0952 - accuracy: 0.9702\n",
      "Epoch 1/5\n",
      "188/188 [==============================] - 1s 7ms/step - loss: 0.6764 - accuracy: 0.7875\n",
      "Epoch 2/5\n",
      "188/188 [==============================] - 1s 6ms/step - loss: 0.2922 - accuracy: 0.9125\n",
      "Epoch 3/5\n",
      "188/188 [==============================] - 1s 6ms/step - loss: 0.1991 - accuracy: 0.9370\n",
      "Epoch 4/5\n",
      "188/188 [==============================] - 1s 6ms/step - loss: 0.1681 - accuracy: 0.9492\n",
      "Epoch 5/5\n",
      "188/188 [==============================] - 1s 6ms/step - loss: 0.1167 - accuracy: 0.9635\n",
      "Epoch 1/5\n",
      "188/188 [==============================] - 1s 7ms/step - loss: 0.6323 - accuracy: 0.8030\n",
      "Epoch 2/5\n",
      "188/188 [==============================] - 1s 6ms/step - loss: 0.2756 - accuracy: 0.9147\n",
      "Epoch 3/5\n",
      "188/188 [==============================] - 1s 7ms/step - loss: 0.1852 - accuracy: 0.9408\n",
      "Epoch 4/5\n",
      "188/188 [==============================] - 1s 7ms/step - loss: 0.1386 - accuracy: 0.9578\n",
      "Epoch 5/5\n",
      "188/188 [==============================] - 1s 7ms/step - loss: 0.1065 - accuracy: 0.9652\n",
      "Epoch 1/5\n",
      "188/188 [==============================] - 2s 10ms/step - loss: 0.6617 - accuracy: 0.7972\n",
      "Epoch 2/5\n",
      "188/188 [==============================] - 1s 7ms/step - loss: 0.2812 - accuracy: 0.9150\n",
      "Epoch 3/5\n",
      "188/188 [==============================] - 1s 7ms/step - loss: 0.1874 - accuracy: 0.9415\n",
      "Epoch 4/5\n",
      "188/188 [==============================] - 2s 8ms/step - loss: 0.1482 - accuracy: 0.9537\n",
      "Epoch 5/5\n",
      "188/188 [==============================] - 2s 9ms/step - loss: 0.1102 - accuracy: 0.9668: 0s - loss: 0.1113 - \n",
      "Epoch 1/5\n",
      "188/188 [==============================] - 2s 13ms/step - loss: 0.6405 - accuracy: 0.7930\n",
      "Epoch 2/5\n",
      "188/188 [==============================] - 3s 14ms/step - loss: 0.2785 - accuracy: 0.9128\n",
      "Epoch 3/5\n",
      "188/188 [==============================] - 2s 9ms/step - loss: 0.1903 - accuracy: 0.9398\n",
      "Epoch 4/5\n",
      "188/188 [==============================] - 2s 8ms/step - loss: 0.1391 - accuracy: 0.9573\n",
      "Epoch 5/5\n",
      "188/188 [==============================] - 1s 8ms/step - loss: 0.1265 - accuracy: 0.9587\n",
      "Epoch 1/5\n",
      "188/188 [==============================] - 2s 12ms/step - loss: 0.6710 - accuracy: 0.7858\n",
      "Epoch 2/5\n",
      "188/188 [==============================] - 2s 9ms/step - loss: 0.2872 - accuracy: 0.9138\n",
      "Epoch 3/5\n",
      "188/188 [==============================] - 2s 8ms/step - loss: 0.2006 - accuracy: 0.9390\n",
      "Epoch 4/5\n",
      "188/188 [==============================] - 2s 9ms/step - loss: 0.1414 - accuracy: 0.9577\n",
      "Epoch 5/5\n",
      "188/188 [==============================] - 1s 8ms/step - loss: 0.1148 - accuracy: 0.9625\n",
      "Epoch 1/5\n",
      "188/188 [==============================] - 2s 9ms/step - loss: 0.6416 - accuracy: 0.7952\n",
      "Epoch 2/5\n",
      "188/188 [==============================] - 1s 8ms/step - loss: 0.2638 - accuracy: 0.9217\n",
      "Epoch 3/5\n",
      "188/188 [==============================] - 1s 8ms/step - loss: 0.1826 - accuracy: 0.9455\n",
      "Epoch 4/5\n",
      "188/188 [==============================] - 2s 8ms/step - loss: 0.1300 - accuracy: 0.9570\n",
      "Epoch 5/5\n",
      "188/188 [==============================] - 2s 8ms/step - loss: 0.1134 - accuracy: 0.9652\n",
      "Epoch 1/5\n",
      "188/188 [==============================] - 2s 10ms/step - loss: 1.8036 - accuracy: 0.3897\n",
      "Epoch 2/5\n",
      "188/188 [==============================] - 2s 9ms/step - loss: 0.9033 - accuracy: 0.6797\n",
      "Epoch 3/5\n",
      "188/188 [==============================] - 1s 8ms/step - loss: 0.6658 - accuracy: 0.7895\n",
      "Epoch 4/5\n",
      "188/188 [==============================] - 1s 8ms/step - loss: 0.5362 - accuracy: 0.8313\n",
      "Epoch 5/5\n",
      "188/188 [==============================] - 2s 8ms/step - loss: 0.4690 - accuracy: 0.8522\n",
      "Epoch 1/5\n",
      "188/188 [==============================] - 2s 10ms/step - loss: 0.6377 - accuracy: 0.7990\n",
      "Epoch 2/5\n",
      "188/188 [==============================] - 1s 8ms/step - loss: 0.2764 - accuracy: 0.9182\n",
      "Epoch 3/5\n",
      "188/188 [==============================] - 2s 8ms/step - loss: 0.2066 - accuracy: 0.9343\n",
      "Epoch 4/5\n",
      "188/188 [==============================] - 2s 8ms/step - loss: 0.1406 - accuracy: 0.9587\n",
      "Epoch 5/5\n",
      "188/188 [==============================] - 2s 9ms/step - loss: 0.1165 - accuracy: 0.9608\n",
      "Epoch 1/5\n",
      "188/188 [==============================] - 2s 8ms/step - loss: 0.6371 - accuracy: 0.7960\n",
      "Epoch 2/5\n",
      "188/188 [==============================] - 2s 8ms/step - loss: 0.2745 - accuracy: 0.9147\n",
      "Epoch 3/5\n",
      "188/188 [==============================] - 2s 8ms/step - loss: 0.1981 - accuracy: 0.9373\n",
      "Epoch 4/5\n",
      "188/188 [==============================] - 2s 10ms/step - loss: 0.1410 - accuracy: 0.9570\n",
      "Epoch 5/5\n",
      "188/188 [==============================] - 2s 9ms/step - loss: 0.1156 - accuracy: 0.9635\n",
      "Epoch 1/5\n",
      "188/188 [==============================] - 2s 9ms/step - loss: 1.7622 - accuracy: 0.4297\n",
      "Epoch 2/5\n",
      "188/188 [==============================] - 2s 8ms/step - loss: 0.8697 - accuracy: 0.7082\n",
      "Epoch 3/5\n",
      "188/188 [==============================] - 2s 9ms/step - loss: 0.6377 - accuracy: 0.8017\n",
      "Epoch 4/5\n",
      "188/188 [==============================] - 2s 9ms/step - loss: 0.5226 - accuracy: 0.8378\n",
      "Epoch 5/5\n",
      "188/188 [==============================] - 2s 9ms/step - loss: 0.4650 - accuracy: 0.8588\n",
      "Epoch 1/5\n",
      "188/188 [==============================] - 2s 11ms/step - loss: 0.6580 - accuracy: 0.7935\n",
      "Epoch 2/5\n",
      "188/188 [==============================] - 2s 8ms/step - loss: 0.2901 - accuracy: 0.9127\n",
      "Epoch 3/5\n",
      "188/188 [==============================] - 2s 9ms/step - loss: 0.1919 - accuracy: 0.9382\n",
      "Epoch 4/5\n",
      "188/188 [==============================] - 2s 9ms/step - loss: 0.1615 - accuracy: 0.9488\n",
      "Epoch 5/5\n",
      "188/188 [==============================] - 2s 10ms/step - loss: 0.1215 - accuracy: 0.9622\n",
      "Epoch 1/5\n",
      "188/188 [==============================] - 3s 13ms/step - loss: 0.6277 - accuracy: 0.7962\n",
      "Epoch 2/5\n",
      "188/188 [==============================] - 3s 14ms/step - loss: 0.2687 - accuracy: 0.9190\n",
      "Epoch 3/5\n",
      "188/188 [==============================] - 2s 10ms/step - loss: 0.1885 - accuracy: 0.9402\n",
      "Epoch 4/5\n",
      "188/188 [==============================] - 2s 9ms/step - loss: 0.1329 - accuracy: 0.9553\n",
      "Epoch 5/5\n",
      "188/188 [==============================] - 2s 9ms/step - loss: 0.1062 - accuracy: 0.9653\n",
      "Epoch 1/5\n",
      "188/188 [==============================] - 2s 10ms/step - loss: 1.7746 - accuracy: 0.4172\n",
      "Epoch 2/5\n",
      "188/188 [==============================] - 2s 11ms/step - loss: 0.8580 - accuracy: 0.7113\n",
      "Epoch 3/5\n",
      "188/188 [==============================] - 2s 13ms/step - loss: 0.6404 - accuracy: 0.7935\n",
      "Epoch 4/5\n",
      "188/188 [==============================] - 2s 8ms/step - loss: 0.5174 - accuracy: 0.8382\n",
      "Epoch 5/5\n",
      "188/188 [==============================] - 2s 8ms/step - loss: 0.4608 - accuracy: 0.8573\n",
      "Epoch 1/5\n",
      "188/188 [==============================] - 2s 10ms/step - loss: 0.6464 - accuracy: 0.7917\n",
      "Epoch 2/5\n",
      "188/188 [==============================] - 2s 9ms/step - loss: 0.2770 - accuracy: 0.9135\n",
      "Epoch 3/5\n",
      "188/188 [==============================] - 2s 8ms/step - loss: 0.1852 - accuracy: 0.9423\n",
      "Epoch 4/5\n",
      "188/188 [==============================] - 2s 9ms/step - loss: 0.1401 - accuracy: 0.9538\n",
      "Epoch 5/5\n",
      "188/188 [==============================] - 2s 9ms/step - loss: 0.1145 - accuracy: 0.9602\n",
      "Epoch 1/5\n",
      "188/188 [==============================] - 2s 10ms/step - loss: 0.6453 - accuracy: 0.7960\n",
      "Epoch 2/5\n",
      "188/188 [==============================] - 2s 10ms/step - loss: 0.2778 - accuracy: 0.9148\n",
      "Epoch 3/5\n",
      "188/188 [==============================] - 2s 9ms/step - loss: 0.1944 - accuracy: 0.9375\n",
      "Epoch 4/5\n",
      "188/188 [==============================] - 2s 8ms/step - loss: 0.1454 - accuracy: 0.9555\n",
      "Epoch 5/5\n",
      "188/188 [==============================] - 1s 8ms/step - loss: 0.1149 - accuracy: 0.9635\n",
      "Epoch 1/5\n",
      "188/188 [==============================] - 1s 7ms/step - loss: 1.8000 - accuracy: 0.3930\n",
      "Epoch 2/5\n",
      "188/188 [==============================] - 1s 7ms/step - loss: 0.8700 - accuracy: 0.7122\n",
      "Epoch 3/5\n",
      "188/188 [==============================] - 1s 7ms/step - loss: 0.6307 - accuracy: 0.8002\n",
      "Epoch 4/5\n",
      "188/188 [==============================] - 1s 7ms/step - loss: 0.5184 - accuracy: 0.8380\n",
      "Epoch 5/5\n",
      "188/188 [==============================] - 1s 7ms/step - loss: 0.4507 - accuracy: 0.8623\n"
     ]
    }
   ],
   "source": [
    "def split_data(x, y, num_splits):\n",
    "    indices = np.arange(x.shape[0])\n",
    "    np.random.shuffle(indices)\n",
    "    split_indices = np.array_split(indices, num_splits)\n",
    "    split_data = [(x[indices], y[indices]) for indices in split_indices]  \n",
    "    return split_data\n",
    "    \n",
    "num_models = 10\n",
    "client_data_m = split_data(x_train_m, y_train_m, num_models)\n",
    "\n",
    "accuracy_no_bug = []  # دقت برای حالت بدون نرمال‌سازی دوباره\n",
    "accuracy_with_bug = []  # دقت برای حالت با نرمال‌سازی دوباره برای کلاینت 3\n",
    "client_models_m = []  # لیست برای ذخیره مدل‌های هر کلاینت\n",
    "\n",
    "# حالت بدون نرمال‌سازی دوباره\n",
    "for i in range(len(client_data_m)):\n",
    "    model_data_m = client_data_m[i]\n",
    "    model_mnist = create_mnist_mlp_model()\n",
    "    \n",
    "    # آموزش مدل\n",
    "    model_mnist.fit(model_data_m[0], model_data_m[1], epochs=5, batch_size=32, verbose=1)\n",
    "    client_models_m.append(model_mnist)\n",
    "    \n",
    "    # ارزیابی دقت مدل بر روی داده‌های تست\n",
    "    loss, accuracy = model_mnist.evaluate(x_test_m, y_test_m, verbose=0)\n",
    "    accuracy_no_bug.append(accuracy)  # ذخیره دقت برای حالت بدون نرمال‌سازی دوباره\n",
    "\n",
    "# حالا، برای آموزش با نرمال‌سازی دوباره برای کلاینت 3\n",
    "client_models_m = []  # لیست برای ذخیره مدل‌های هر کلاینت (دوباره خالی می‌شود)\n",
    "for i in range(len(client_data_m)):\n",
    "    model_data_m = client_data_m[i]\n",
    "    model_mnist = create_mnist_mlp_model()\n",
    "    if i in [0,3,6,9]: \n",
    "        model_data_m = (model_data_m[0] / 255.0, model_data_m[1])\n",
    "    \n",
    "    # آموزش مدل\n",
    "    model_mnist.fit(model_data_m[0], model_data_m[1], epochs=5, batch_size=32, verbose=1)\n",
    "    client_models_m.append(model_mnist)\n",
    "    \n",
    "    # ارزیابی دقت مدل بر روی داده‌های تست\n",
    "    loss, accuracy = model_mnist.evaluate(x_test_m, y_test_m, verbose=0)\n",
    "    accuracy_with_bug.append(accuracy)  # ذخیره دقت برای حالت با نرمال‌سازی دوباره"
   ]
  },
  {
   "cell_type": "markdown",
   "id": "d47f391c",
   "metadata": {},
   "source": [
    "## Delta class function"
   ]
  },
  {
   "cell_type": "code",
   "execution_count": 14,
   "id": "fb7d2e9f",
   "metadata": {},
   "outputs": [
    {
     "name": "stdout",
     "output_type": "stream",
     "text": [
      "Distance Matrix:\n",
      "[[   0. 2087. 2029.  805. 1931. 1868.  867. 1975. 1973.  863.]\n",
      " [2087.    0.  649. 1977.  628.  667. 1968.  587.  543. 2106.]\n",
      " [2029.  649.    0. 1893.  616.  644. 1932.  617.  600. 2074.]\n",
      " [ 805. 1977. 1893.    0. 1792. 1744.  808. 1841. 1847.  729.]\n",
      " [1931.  628.  616. 1792.    0.  467. 1851.  467.  474. 1950.]\n",
      " [1868.  667.  644. 1744.  467.    0. 1779.  506.  528. 1879.]\n",
      " [ 867. 1968. 1932.  808. 1851. 1779.    0. 1855. 1867.  777.]\n",
      " [1975.  587.  617. 1841.  467.  506. 1855.    0.  469. 1995.]\n",
      " [1973.  543.  600. 1847.  474.  528. 1867.  469.    0. 1998.]\n",
      " [ 863. 2106. 2074.  729. 1950. 1879.  777. 1995. 1998.    0.]]\n"
     ]
    }
   ],
   "source": [
    "def delta_class(model1, model2, x_test, y_test):\n",
    "    # Make predictions on the test data\n",
    "    predictions1 = np.argmax(model1.predict(x_test), axis=1)\n",
    "    predictions2 = np.argmax(model2.predict(x_test), axis=1)\n",
    "    \n",
    "    # Count the number of differing predictions\n",
    "    count = np.sum(predictions1 != predictions2)\n",
    "    \n",
    "    return count\n",
    "\n",
    "# Initialize the distance matrix\n",
    "num_clients = len(client_models_m)\n",
    "distance_matrix = np.zeros((num_clients, num_clients))\n",
    "\n",
    "# Calculate the delta class for each pair of models\n",
    "for i in range(num_clients):\n",
    "    for j in range(i + 1, num_clients):\n",
    "        distance_matrix[i, j] = delta_class(client_models_m[i], client_models_m[j], x_test_m, y_test_m)\n",
    "        distance_matrix[j, i] = distance_matrix[i, j]  # Symmetric matrix\n",
    "\n",
    "# Print the distance matrix\n",
    "print(\"Distance Matrix:\")\n",
    "print(distance_matrix)\n"
   ]
  },
  {
   "cell_type": "markdown",
   "id": "77a0e51f",
   "metadata": {},
   "source": [
    "## Delta Score function"
   ]
  },
  {
   "cell_type": "code",
   "execution_count": 16,
   "id": "ad8164f6",
   "metadata": {},
   "outputs": [
    {
     "name": "stdout",
     "output_type": "stream",
     "text": [
      "Delta Score Matrix:\n",
      "[[  0. 667. 613.  34. 477. 457.  35. 504. 470.  41.]\n",
      " [667.   0. 993. 622. 969. 940. 633. 955. 901. 602.]\n",
      " [613. 993.   0. 597. 927. 928. 612. 886. 884. 594.]\n",
      " [ 34. 622. 597.   0. 480. 457.  28. 520. 467.  34.]\n",
      " [477. 969. 927. 480.   0. 750. 472. 808. 743. 467.]\n",
      " [457. 940. 928. 457. 750.   0. 435. 782. 754. 420.]\n",
      " [ 35. 633. 612.  28. 472. 435.   0. 512. 468.  32.]\n",
      " [504. 955. 886. 520. 808. 782. 512.   0. 764. 494.]\n",
      " [470. 901. 884. 467. 743. 754. 468. 764.   0. 452.]\n",
      " [ 41. 602. 594.  34. 467. 420.  32. 494. 452.   0.]]\n"
     ]
    }
   ],
   "source": [
    "def delta_score(model1, model2, x_test, threshold=0.1):\n",
    "    # Make predictions on the test data\n",
    "    predictions1 = model1.predict(x_test)\n",
    "    predictions2 = model2.predict(x_test)\n",
    "    \n",
    "    # Get the predicted labels and their probabilities\n",
    "    labels1 = np.argmax(predictions1, axis=1)\n",
    "    labels2 = np.argmax(predictions2, axis=1)\n",
    "    \n",
    "    count = 0\n",
    "    for i in range(len(labels1)):\n",
    "        if labels1[i] == labels2[i]:  # If the predicted labels are the same\n",
    "            prob1 = predictions1[i][labels1[i]]\n",
    "            prob2 = predictions2[i][labels2[i]]\n",
    "            if abs(prob1 - prob2) > threshold:  # If the absolute difference in probabilities is greater than the threshold\n",
    "                count += 1\n",
    "    \n",
    "    return count\n",
    "\n",
    "# Initialize the distance matrix\n",
    "num_clients = len(client_models_m)\n",
    "delta_score_matrix = np.zeros((num_clients, num_clients))\n",
    "\n",
    "# Calculate the delta score for each pair of models\n",
    "for i in range(num_clients):\n",
    "    for j in range(i + 1, num_clients):\n",
    "        delta_score_matrix[i, j] = delta_score(client_models_m[i], client_models_m[j], x_test_m)\n",
    "        delta_score_matrix[j, i] = delta_score_matrix[i, j]  # Symmetric matrix\n",
    "\n",
    "# Print the delta score matrix\n",
    "print(\"Delta Score Matrix:\")\n",
    "print(delta_score_matrix)\n"
   ]
  },
  {
   "cell_type": "markdown",
   "id": "11112839",
   "metadata": {},
   "source": [
    "## KS function"
   ]
  },
  {
   "cell_type": "code",
   "execution_count": 24,
   "id": "8d651e0e",
   "metadata": {},
   "outputs": [],
   "source": [
    "from scipy.stats import ks_2samp\n",
    "\n",
    "def ks_test(model1, model2, x_test):\n",
    "    # Make predictions on the test data\n",
    "    predictions1 = model1.predict(x_test)\n",
    "    predictions2 = model2.predict(x_test)\n",
    "    \n",
    "    # Initialize a list to store KS statistics for each class\n",
    "    ks_stats = []\n",
    "    \n",
    "    # Perform KS test for each class and store the KS statistic\n",
    "    for i in range(predictions1.shape[1]):\n",
    "        ks_stat, _ = ks_2samp(predictions1[:, i], predictions2[:, i])\n",
    "        ks_stats.append(ks_stat)\n",
    "    \n",
    "    return ks_stats\n"
   ]
  },
  {
   "cell_type": "code",
   "execution_count": 25,
   "id": "91c37ce9",
   "metadata": {},
   "outputs": [
    {
     "name": "stdout",
     "output_type": "stream",
     "text": [
      "KS Test Statistic Matrix:\n",
      "[[0.      0.89308 0.89359 0.0109  0.89409 0.89304 0.01168 0.89344 0.89373\n",
      "  0.0105 ]\n",
      " [0.89308 0.      0.05845 0.89362 0.12517 0.09345 0.89351 0.08208 0.08899\n",
      "  0.8942 ]\n",
      " [0.89359 0.05845 0.      0.89396 0.10461 0.07841 0.89394 0.0722  0.07273\n",
      "  0.89454]\n",
      " [0.0109  0.89362 0.89396 0.      0.89438 0.89352 0.00935 0.89381 0.89414\n",
      "  0.00649]\n",
      " [0.89409 0.12517 0.10461 0.89438 0.      0.08605 0.89432 0.07244 0.06634\n",
      "  0.8949 ]\n",
      " [0.89304 0.09345 0.07841 0.89352 0.08605 0.      0.89336 0.08098 0.08681\n",
      "  0.89403]\n",
      " [0.01168 0.89351 0.89394 0.00935 0.89432 0.89336 0.      0.8938  0.89408\n",
      "  0.0101 ]\n",
      " [0.89344 0.08208 0.0722  0.89381 0.07244 0.08098 0.8938  0.      0.0471\n",
      "  0.89446]\n",
      " [0.89373 0.08899 0.07273 0.89414 0.06634 0.08681 0.89408 0.0471  0.\n",
      "  0.89465]\n",
      " [0.0105  0.8942  0.89454 0.00649 0.8949  0.89403 0.0101  0.89446 0.89465\n",
      "  0.     ]]\n"
     ]
    }
   ],
   "source": [
    "# Initialize a matrix to store KS test results\n",
    "num_clients = len(client_models_m)\n",
    "ks_stat_matrix = np.zeros((num_clients, num_clients))\n",
    "\n",
    "# Calculate the KS test for each pair of models\n",
    "for i in range(num_clients):\n",
    "    for j in range(i + 1, num_clients):\n",
    "        ks_stats = ks_test(client_models_m[i], client_models_m[j], x_test_m)\n",
    "        ks_stat_matrix[i, j] = np.mean(ks_stats)\n",
    "        ks_stat_matrix[j, i] = ks_stat_matrix[i, j]  # Symmetric matrix\n",
    "\n",
    "# Print the KS test statistic matrix\n",
    "print(\"KS Test Statistic Matrix:\")\n",
    "print(ks_stat_matrix)\n"
   ]
  },
  {
   "cell_type": "markdown",
   "id": "1acda574",
   "metadata": {},
   "source": [
    "## chi"
   ]
  },
  {
   "cell_type": "code",
   "execution_count": 26,
   "id": "9bab56c3",
   "metadata": {},
   "outputs": [],
   "source": [
    "from scipy.stats import chi2_contingency\n",
    "\n",
    "def chi_square_test(model1, model2, x_test):\n",
    "    # Make predictions on the test data\n",
    "    predictions1 = np.argmax(model1.predict(x_test), axis=1)\n",
    "    predictions2 = np.argmax(model2.predict(x_test), axis=1)\n",
    "    \n",
    "    # Create a contingency table\n",
    "    contingency_table = np.zeros((10, 10))\n",
    "    for i in range(len(predictions1)):\n",
    "        contingency_table[predictions1[i], predictions2[i]] += 1\n",
    "    \n",
    "    # Perform Chi-Square test\n",
    "    chi2_stat, p_value, _, _ = chi2_contingency(contingency_table)\n",
    "    \n",
    "    return chi2_stat\n"
   ]
  },
  {
   "cell_type": "code",
   "execution_count": 27,
   "id": "88617b8a",
   "metadata": {},
   "outputs": [
    {
     "name": "stdout",
     "output_type": "stream",
     "text": [
      "Chi-Square Test Statistic Matrix:\n",
      "[[    0.         58631.32448507 59020.23089166 74907.01631594\n",
      "  59988.94075193 60675.94848906 73582.50822956 59410.20151447\n",
      "  59605.71404062 74020.55458926]\n",
      " [58631.32448507     0.         77724.63242927 60697.06459551\n",
      "  77960.6171941  77358.44624229 60677.22905001 78659.28278013\n",
      "  79476.48782308 59298.87634242]\n",
      " [59020.23089166 77724.63242927     0.         61614.00798636\n",
      "  78365.35110997 78069.13182678 60708.55991072 78410.42800881\n",
      "  78682.50117303 59331.88834187]\n",
      " [74907.01631594 60697.06459551 61614.00798636     0.\n",
      "  62786.20008506 63136.41747253 74355.09129194 62047.43467581\n",
      "  62034.92189424 75767.33836208]\n",
      " [59988.94075193 77960.6171941  78365.35110997 62786.20008506\n",
      "      0.         80940.60615414 61560.01332318 80880.75471021\n",
      "  80768.19365113 60710.82044645]\n",
      " [60675.94848906 77358.44624229 78069.13182678 63136.41747253\n",
      "  80940.60615414     0.         62205.10289165 80145.91619682\n",
      "  79772.64394083 61324.08159264]\n",
      " [73582.50822956 60677.22905001 60708.55991072 74355.09129194\n",
      "  61560.01332318 62205.10289165     0.         61495.80348089\n",
      "  61476.35924089 74913.69421729]\n",
      " [59410.20151447 78659.28278013 78410.42800881 62047.43467581\n",
      "  80880.75471021 80145.91619682 61495.80348089     0.\n",
      "  80805.23606486 60040.38706694]\n",
      " [59605.71404062 79476.48782308 78682.50117303 62034.92189424\n",
      "  80768.19365113 79772.64394083 61476.35924089 80805.23606486\n",
      "      0.         60125.83893124]\n",
      " [74020.55458926 59298.87634242 59331.88834187 75767.33836208\n",
      "  60710.82044645 61324.08159264 74913.69421729 60040.38706694\n",
      "  60125.83893124     0.        ]]\n"
     ]
    }
   ],
   "source": [
    "# Initialize a matrix to store Chi-Square test results\n",
    "num_clients = len(client_models_m)\n",
    "chi2_stat_matrix = np.zeros((num_clients, num_clients))\n",
    "\n",
    "# Calculate the Chi-Square test for each pair of models\n",
    "for i in range(num_clients):\n",
    "    for j in range(i + 1, num_clients):\n",
    "        chi2_stat = chi_square_test(client_models_m[i], client_models_m[j], x_test_m)\n",
    "        chi2_stat_matrix[i, j] = chi2_stat\n",
    "        chi2_stat_matrix[j, i] = chi2_stat  # Symmetric matrix\n",
    "\n",
    "# Print the Chi-Square test statistic matrix\n",
    "print(\"Chi-Square Test Statistic Matrix:\")\n",
    "print(chi2_stat_matrix)\n"
   ]
  },
  {
   "cell_type": "code",
   "execution_count": 19,
   "id": "ebd6b2d5",
   "metadata": {},
   "outputs": [
    {
     "data": {
      "text/plain": [
       "array([0, 4, 5, 6, 9], dtype=int64)"
      ]
     },
     "execution_count": 19,
     "metadata": {},
     "output_type": "execute_result"
    }
   ],
   "source": [
    "def meancal(matrix):\n",
    "    temp = 0\n",
    "    x = matrix.shape[0]    \n",
    "    arrmean = []\n",
    "    \n",
    "    for i in range(0,x):\n",
    "        #print(matrix[i].mean())\n",
    "        temp = (matrix[i].mean())\n",
    "        arrmean.append(temp)\n",
    "    return arrmean\n",
    "temp = meancal(distance_matrix)\n",
    "def iqrfunc(nparray, multiplier = 1.5):\n",
    "    data = np.array(nparray)\n",
    "    q1 = np.percentile(data,25)\n",
    "    q3 = np.percentile(data,75)\n",
    "    iqr = q3 -q1\n",
    "    lower_bound = q1-(multiplier*1.5)\n",
    "    upper_bound = q3+(multiplier*1.5)\n",
    "    outliers = np.where((data<lower_bound) | (data>upper_bound))[0]\n",
    "    return outliers\n",
    "                        \n",
    "iqrfunc(temp)"
   ]
  },
  {
   "cell_type": "code",
   "execution_count": null,
   "id": "c5796fea",
   "metadata": {},
   "outputs": [],
   "source": []
  },
  {
   "cell_type": "code",
   "execution_count": 5,
   "id": "19cf429c-9f38-4005-8489-0dd34c1c9393",
   "metadata": {},
   "outputs": [
    {
     "data": {
