{
 "cells": [
  {
   "cell_type": "code",
   "execution_count": 1,
   "metadata": {},
   "outputs": [],
   "source": [
    "import tensorflow_federated as tff\n",
    "import tensorflow as tf\n",
    "import numpy as np\n",
    "from scipy.stats import ks_2samp, chi2_contingency\n",
    "import nest_asyncio\n",
    "\n",
    "nest_asyncio.apply()\n",
    "\n",
    "# Set the local execution context\n",
    "tff.backends.native.set_local_execution_context()\n"
   ]
  },
  {
   "cell_type": "code",
   "execution_count": 2,
   "metadata": {},
   "outputs": [],
   "source": [
    "# Load and preprocess the MNIST dataset\n",
    "def preprocess(dataset):\n",
    "    return dataset.map(lambda x, y: (tf.cast(x, tf.float32) / 255.0, tf.cast(y, tf.int32)))\n"
   ]
  },
  {
   "cell_type": "code",
   "execution_count": 3,
   "metadata": {},
   "outputs": [],
   "source": [
    "mnist_train, mnist_test = tf.keras.datasets.mnist.load_data()\n",
    "mnist_train = (mnist_train[0].reshape(-1, 28, 28), mnist_train[1])\n",
    "mnist_test = (mnist_test[0].reshape(-1, 28, 28), mnist_test[1])"
   ]
  },
  {
   "cell_type": "code",
   "execution_count": 4,
   "metadata": {},
   "outputs": [],
   "source": [
    "# Split the data into 10 clients\n",
    "def create_client_data(data, labels, num_clients=10):\n",
    "    client_data = []\n",
    "    client_labels = []\n",
    "    data_per_client = len(data) // num_clients\n",
    "    for i in range(num_clients):\n",
    "        client_data.append(data[i * data_per_client:(i + 1) * data_per_client])\n",
    "        client_labels.append(labels[i * data_per_client:(i + 1) * data_per_client])\n",
    "    return client_data, client_labels\n",
    "\n",
    "client_data, client_labels = create_client_data(mnist_train[0], mnist_train[1])\n"
   ]
  },
  {
   "cell_type": "code",
   "execution_count": 5,
   "metadata": {},
   "outputs": [],
   "source": [
    "# Define the metrics function\n",
    "def perform_differential_testing(predictions_i, predictions_j):\n",
    "    if predictions_i.ndim == 1:\n",
    "        predictions_i = np.expand_dims(predictions_i, axis=1)\n",
    "    if predictions_j.ndim == 1:\n",
    "        predictions_j = np.expand_dims(predictions_j, axis=1)\n",
    "    \n",
    "    pred_class_i = np.argmax(predictions_i, axis=1)\n",
    "    pred_class_j = np.argmax(predictions_j, axis=1)\n",
    "    \n",
    "    Δ_class = np.sum(pred_class_i != pred_class_j)\n",
    "    Δ_score = np.sum(predictions_i != predictions_j)\n",
    "    P_KS = ks_2samp(predictions_i.flatten(), predictions_j.flatten()).pvalue\n",
    "    contingency = np.array([[np.sum((pred_class_i == k) & (pred_class_j == l)) for l in range(10)] for k in range(10)])\n",
    "    contingency += 1  # Add-one smoothing\n",
    "    P_X2 = chi2_contingency(contingency)[1]\n",
    "\n",
    "    return Δ_class, Δ_score, P_KS, P_X2\n"
   ]
  },
  {
   "cell_type": "code",
   "execution_count": 6,
   "metadata": {},
   "outputs": [],
   "source": [
    "# Create a simple model\n",
    "def create_model():\n",
    "    return tf.keras.Sequential([\n",
    "        tf.keras.layers.Flatten(input_shape=(28, 28)),\n",
    "        tf.keras.layers.Dense(128, activation='relu'),\n",
    "        tf.keras.layers.Dense(10, activation='softmax')\n",
    "    ])\n"
   ]
  },
  {
   "cell_type": "code",
   "execution_count": 7,
   "metadata": {},
   "outputs": [],
   "source": [
    "# Create a federated learning process\n",
    "def model_fn():\n",
    "    model = create_model()\n",
    "    return tff.learning.from_keras_model(\n",
    "        model,\n",
    "        input_spec=(tf.TensorSpec(shape=[None, 28, 28], dtype=tf.float32),\n",
    "                    tf.TensorSpec(shape=[None], dtype=tf.int32)),\n",
    "        loss=tf.keras.losses.SparseCategoricalCrossentropy(),\n",
    "        metrics=[tf.keras.metrics.SparseCategoricalAccuracy()])\n"
   ]
  },
  {
   "cell_type": "code",
   "execution_count": 8,
   "metadata": {},
   "outputs": [],
   "source": [
    "# Define the client optimizer function\n",
    "def client_optimizer_fn():\n",
    "    return tf.keras.optimizers.Nadam(learning_rate=0.001)"
   ]
  },
  {
   "cell_type": "code",
   "execution_count": 9,
   "metadata": {},
   "outputs": [],
   "source": [
    "# Define the federated averaging process\n",
    "iterative_process = tff.learning.build_federated_averaging_process(\n",
    "    model_fn,\n",
    "    client_optimizer_fn=client_optimizer_fn\n",
    ")"
   ]
  },
  {
   "cell_type": "code",
   "execution_count": 10,
   "metadata": {},
   "outputs": [],
   "source": [
    "# Initialize the process\n",
    "state = iterative_process.initialize()\n",
    "\n",
    "# Custom function to determine if a model is an outlier using a DBSCAN-like approach\n",
    "def is_outlier(metric_data, epsilon=0.5, min_samples=2):\n",
    "    num_points = metric_data.shape[0]\n",
    "    distances = np.linalg.norm(metric_data[:, np.newaxis] - metric_data, axis=2)\n",
    "    neighbors = np.sum(distances < epsilon, axis=1)\n",
    "    outliers = neighbors < min_samples\n",
    "    return outliers\n",
    "\n",
    "# Standalone function for preprocessing\n",
    "def preprocess_fn(x, y):\n",
    "    return tf.cast(x, tf.float32) / 255.0, tf.cast(y, tf.int32)"
   ]
  },
  {
   "cell_type": "code",
   "execution_count": 11,
   "metadata": {},
   "outputs": [
    {
     "name": "stdout",
     "output_type": "stream",
     "text": [
      "Round 1, Metrics: OrderedDict([('broadcast', ()), ('aggregation', OrderedDict([('value_sum_process', ()), ('weight_sum_process', ())])), ('train', OrderedDict([('sparse_categorical_accuracy', 0.8385), ('loss', 0.58366543)]))])\n",
      "Round 1 Delta Class Matrix:\n",
      "[[   0. 8802. 8931. 8779. 8816. 8839. 8823. 8872. 9010. 8763.]\n",
      " [8802.    0. 1854. 1767. 1968. 1904. 1870. 1804. 1996. 1921.]\n",
      " [8931. 1854.    0. 1725. 2148. 1954. 1876. 1965. 1959. 1916.]\n",
      " [8779. 1767. 1725.    0. 2043. 1854. 1728. 1818. 1935. 1764.]\n",
      " [8816. 1968. 2148. 2043.    0. 2195. 2148. 2055. 2165. 2158.]\n",
      " [8839. 1904. 1954. 1854. 2195.    0. 2003. 1970. 2080. 1972.]\n",
      " [8823. 1870. 1876. 1728. 2148. 2003.    0. 1949. 2045. 1882.]\n",
      " [8872. 1804. 1965. 1818. 2055. 1970. 1949.    0. 2048. 1923.]\n",
      " [9010. 1996. 1959. 1935. 2165. 2080. 2045. 2048.    0. 2095.]\n",
      " [8763. 1921. 1916. 1764. 2158. 1972. 1882. 1923. 2095.    0.]]\n",
      "Round 1 Delta Score Matrix:\n",
      "[[    0. 98542. 98219. 98587. 99116. 98861. 98291. 98186. 98426. 98485.]\n",
      " [98542.     0. 36708. 34634. 52520. 46121. 34754. 29048. 35146. 32033.]\n",
      " [98219. 36708.     0. 38772. 55797. 48592. 38665. 34506. 39864. 35922.]\n",
      " [98587. 34634. 38772.     0. 54233. 46890. 36970. 32370. 38020. 34301.]\n",
      " [99116. 52520. 55797. 54233.     0. 60992. 54545. 51341. 54309. 52802.]\n",
      " [98861. 46121. 48592. 46890. 60992.     0. 47503. 44395. 48046. 45841.]\n",
      " [98291. 34754. 38665. 36970. 54545. 47503.     0. 32636. 38281. 35148.]\n",
      " [98186. 29048. 34506. 32370. 51341. 44395. 32636.     0. 33036. 29640.]\n",
      " [98426. 35146. 39864. 38020. 54309. 48046. 38281. 33036.     0. 35933.]\n",
      " [98485. 32033. 35922. 34301. 52802. 45841. 35148. 29640. 35933.     0.]]\n",
      "Round 1 P_KS Matrix:\n",
      "[[0.00000000e+000 0.00000000e+000 0.00000000e+000 0.00000000e+000\n",
      "  0.00000000e+000 0.00000000e+000 0.00000000e+000 0.00000000e+000\n",
      "  0.00000000e+000 0.00000000e+000]\n",
      " [0.00000000e+000 0.00000000e+000 1.15930093e-152 2.15670641e-068\n",
      "  0.00000000e+000 0.00000000e+000 4.58323726e-065 7.86400784e-065\n",
      "  9.76252831e-069 5.16892628e-001]\n",
      " [0.00000000e+000 1.15930093e-152 0.00000000e+000 6.31154085e-018\n",
      "  0.00000000e+000 0.00000000e+000 4.09494776e-019 0.00000000e+000\n",
      "  3.91843711e-017 7.66589606e-165]\n",
      " [0.00000000e+000 2.15670641e-068 6.31154085e-018 0.00000000e+000\n",
      "  0.00000000e+000 0.00000000e+000 5.64047832e-001 3.63522779e-265\n",
      "  7.17682488e-003 1.85800024e-076]\n",
      " [0.00000000e+000 0.00000000e+000 0.00000000e+000 0.00000000e+000\n",
      "  0.00000000e+000 1.77994772e-257 0.00000000e+000 0.00000000e+000\n",
      "  0.00000000e+000 0.00000000e+000]\n",
      " [0.00000000e+000 0.00000000e+000 0.00000000e+000 0.00000000e+000\n",
      "  1.77994772e-257 0.00000000e+000 0.00000000e+000 0.00000000e+000\n",
      "  0.00000000e+000 0.00000000e+000]\n",
      " [0.00000000e+000 4.58323726e-065 4.09494776e-019 5.64047832e-001\n",
      "  0.00000000e+000 0.00000000e+000 0.00000000e+000 2.39463689e-258\n",
      "  2.20702320e-001 9.29755893e-073]\n",
      " [0.00000000e+000 7.86400784e-065 0.00000000e+000 3.63522779e-265\n",
      "  0.00000000e+000 0.00000000e+000 2.39463689e-258 0.00000000e+000\n",
      "  1.21517270e-265 1.60360741e-057]\n",
      " [0.00000000e+000 9.76252831e-069 3.91843711e-017 7.17682488e-003\n",
      "  0.00000000e+000 0.00000000e+000 2.20702320e-001 1.21517270e-265\n",
      "  0.00000000e+000 1.03343627e-076]\n",
      " [0.00000000e+000 5.16892628e-001 7.66589606e-165 1.85800024e-076\n",
      "  0.00000000e+000 0.00000000e+000 9.29755893e-073 1.60360741e-057\n",
      "  1.03343627e-076 0.00000000e+000]]\n",
      "Round 1 P_X2 Matrix:\n",
      "[[0.00000000e+000 1.92666385e-232 2.87972503e-225 2.13253733e-201\n",
      "  4.72702550e-241 7.58343064e-187 1.56704529e-187 6.67007239e-199\n",
      "  1.39535666e-209 4.39197233e-230]\n",
      " [1.92666385e-232 0.00000000e+000 0.00000000e+000 0.00000000e+000\n",
      "  0.00000000e+000 0.00000000e+000 0.00000000e+000 0.00000000e+000\n",
      "  0.00000000e+000 0.00000000e+000]\n",
      " [2.87972503e-225 0.00000000e+000 0.00000000e+000 0.00000000e+000\n",
      "  0.00000000e+000 0.00000000e+000 0.00000000e+000 0.00000000e+000\n",
      "  0.00000000e+000 0.00000000e+000]\n",
      " [2.13253733e-201 0.00000000e+000 0.00000000e+000 0.00000000e+000\n",
      "  0.00000000e+000 0.00000000e+000 0.00000000e+000 0.00000000e+000\n",
      "  0.00000000e+000 0.00000000e+000]\n",
      " [4.72702550e-241 0.00000000e+000 0.00000000e+000 0.00000000e+000\n",
      "  0.00000000e+000 0.00000000e+000 0.00000000e+000 0.00000000e+000\n",
      "  0.00000000e+000 0.00000000e+000]\n",
      " [7.58343064e-187 0.00000000e+000 0.00000000e+000 0.00000000e+000\n",
      "  0.00000000e+000 0.00000000e+000 0.00000000e+000 0.00000000e+000\n",
      "  0.00000000e+000 0.00000000e+000]\n",
      " [1.56704529e-187 0.00000000e+000 0.00000000e+000 0.00000000e+000\n",
      "  0.00000000e+000 0.00000000e+000 0.00000000e+000 0.00000000e+000\n",
      "  0.00000000e+000 0.00000000e+000]\n",
      " [6.67007239e-199 0.00000000e+000 0.00000000e+000 0.00000000e+000\n",
      "  0.00000000e+000 0.00000000e+000 0.00000000e+000 0.00000000e+000\n",
      "  0.00000000e+000 0.00000000e+000]\n",
      " [1.39535666e-209 0.00000000e+000 0.00000000e+000 0.00000000e+000\n",
      "  0.00000000e+000 0.00000000e+000 0.00000000e+000 0.00000000e+000\n",
      "  0.00000000e+000 0.00000000e+000]\n",
      " [4.39197233e-230 0.00000000e+000 0.00000000e+000 0.00000000e+000\n",
      "  0.00000000e+000 0.00000000e+000 0.00000000e+000 0.00000000e+000\n",
      "  0.00000000e+000 0.00000000e+000]]\n",
      "Round 1 Combined Distance Matrix:\n",
      "[[     0.         245545.4256141  237628.39547706 241424.96246231\n",
      "  209423.41118175 221763.99104453 240413.63214391 249166.69522229\n",
      "  239207.29850471 245151.96772975]\n",
      " [245545.4256141       0.          55615.52015441  51820.11266209\n",
      "   93084.83137211  75840.6711141   52273.04684423  43944.32336546\n",
      "   53281.30820248  48043.60315197]\n",
      " [237628.39547706  55615.52015441      0.          57497.85165922\n",
      "   91833.67675314  75112.19321122  57473.78694796  54018.15964099\n",
      "   59203.5881545   54511.52851081]\n",
      " [241424.96246231  51820.11266209  57497.85165922      0.\n",
      "   92179.79370843  74447.78657468  54747.183071    49594.39276866\n",
      "   56607.17298351  51287.66556625]\n",
      " [209423.41118175  93084.83137211  91833.67675314  92179.79370843\n",
      "       0.          91274.08722633  92103.7933361   94801.88542956\n",
      "   90920.47034806  93359.51587557]\n",
      " [221763.99104453  75840.6711141   75112.19321122  74447.78657468\n",
      "   91274.08722633      0.          75008.49469728  76246.6883871\n",
      "   75162.61147539  75375.02208872]\n",
      " [240413.63214391  52273.04684423  57473.78694796  54747.183071\n",
      "   92103.7933361   75008.49469728      0.          50404.1537467\n",
      "   57076.08693315  52764.68141713]\n",
      " [249166.69522229  43944.32336546  54018.15964099  49594.39276866\n",
      "   94801.88542956  76246.6883871   50404.1537467       0.\n",
      "   51592.25152027  45018.74529648]\n",
      " [239207.29850471  53281.30820248  59203.5881545   56607.17298351\n",
      "   90920.47034806  75162.61147539  57076.08693315  51592.25152027\n",
      "       0.          54446.02848982]\n",
      " [245151.96772975  48043.60315197  54511.52851081  51287.66556625\n",
      "   93359.51587557  75375.02208872  52764.68141713  45018.74529648\n",
      "   54446.02848982      0.        ]]\n",
      "Round 1 Average distances:\n",
      "[212972.57793804  71944.88424809  74289.47005093  72960.69214562\n",
      "  94898.14652311  84023.15458194  73226.48591375  71478.72953775\n",
      "  73749.68166119  71995.87581265]\n",
      "Round 1, Client with highest average distance: 0\n",
      "Round 2, Metrics: OrderedDict([('broadcast', ()), ('aggregation', OrderedDict([('value_sum_process', ()), ('weight_sum_process', ())])), ('train', OrderedDict([('sparse_categorical_accuracy', 0.9123333), ('loss', 0.3003901)]))])\n",
      "Round 2 Delta Class Matrix:\n",
      "[[   0. 9002. 9051. 8614. 9108. 8889. 8839. 8798. 8980. 8716.]\n",
      " [9002.    0. 1782. 2018. 1769. 1660. 1724. 1710. 1826. 1942.]\n",
      " [9051. 1782.    0. 2111. 1960. 1805. 1907. 1971. 1939. 2161.]\n",
      " [8614. 2018. 2111.    0. 2149. 2042. 1998. 1992. 2104. 2406.]\n",
      " [9108. 1769. 1960. 2149.    0. 1860. 1886. 1973. 1929. 2164.]\n",
      " [8889. 1660. 1805. 2042. 1860.    0. 1727. 1814. 1824. 2021.]\n",
      " [8839. 1724. 1907. 1998. 1886. 1727.    0. 1790. 1723. 2057.]\n",
      " [8798. 1710. 1971. 1992. 1973. 1814. 1790.    0. 1868. 2055.]\n",
      " [8980. 1826. 1939. 2104. 1929. 1824. 1723. 1868.    0. 2132.]\n",
      " [8716. 1942. 2161. 2406. 2164. 2021. 2057. 2055. 2132.    0.]]\n",
      "Round 2 Delta Score Matrix:\n",
      "[[    0. 99481. 99478. 99430. 99497. 99447. 99414. 99428. 99426. 99492.]\n",
      " [99481.     0. 38325. 32188. 35221. 30628. 30222. 35523. 32501. 34414.]\n",
      " [99478. 38325.     0. 41214. 42904. 39846. 39329. 44096. 40858. 42625.]\n",
      " [99430. 32188. 41214.     0. 37235. 33221. 32578. 37974. 34571. 37547.]\n",
      " [99497. 35221. 42904. 37235.     0. 36761. 36191. 41247. 37517. 39786.]\n",
      " [99447. 30628. 39846. 33221. 36761.     0. 31558. 36957. 33521. 35825.]\n",
      " [99414. 30222. 39329. 32578. 36191. 31558.     0. 36027. 32319. 34777.]\n",
      " [99428. 35523. 44096. 37974. 41247. 36957. 36027.     0. 38164. 39666.]\n",
      " [99426. 32501. 40858. 34571. 37517. 33521. 32319. 38164.     0. 37319.]\n",
      " [99492. 34414. 42625. 37547. 39786. 35825. 34777. 39666. 37319.     0.]]\n",
      "Round 2 P_KS Matrix:\n",
      "[[0.00000000e+000 0.00000000e+000 0.00000000e+000 0.00000000e+000\n",
      "  0.00000000e+000 0.00000000e+000 0.00000000e+000 0.00000000e+000\n",
      "  0.00000000e+000 0.00000000e+000]\n",
      " [0.00000000e+000 0.00000000e+000 0.00000000e+000 3.61532102e-019\n",
      "  1.26019205e-250 3.07854058e-014 1.50783599e-006 0.00000000e+000\n",
      "  1.40090314e-056 5.67733982e-188]\n",
      " [0.00000000e+000 0.00000000e+000 0.00000000e+000 0.00000000e+000\n",
      "  4.46802321e-074 0.00000000e+000 0.00000000e+000 2.90429510e-043\n",
      "  2.27242693e-286 6.88096832e-115]\n",
      " [0.00000000e+000 3.61532102e-019 0.00000000e+000 0.00000000e+000\n",
      "  2.46735011e-132 6.65159127e-001 4.94357074e-004 8.96616227e-187\n",
      "  1.88547549e-010 4.13857245e-088]\n",
      " [0.00000000e+000 1.26019205e-250 4.46802321e-074 2.46735011e-132\n",
      "  0.00000000e+000 9.50307303e-147 1.94834803e-178 2.97326553e-005\n",
      "  4.01738284e-070 5.10988999e-005]\n",
      " [0.00000000e+000 3.07854058e-014 0.00000000e+000 6.65159127e-001\n",
      "  9.50307303e-147 0.00000000e+000 2.26646804e-002 7.63913640e-204\n",
      "  1.08498605e-014 6.30827563e-100]\n",
      " [0.00000000e+000 1.50783599e-006 0.00000000e+000 4.94357074e-004\n",
      "  1.94834803e-178 2.26646804e-002 0.00000000e+000 6.03426343e-241\n",
      "  1.16586618e-025 2.29440001e-126]\n",
      " [0.00000000e+000 0.00000000e+000 2.90429510e-043 8.96616227e-187\n",
      "  2.97326553e-005 7.63913640e-204 6.03426343e-241 0.00000000e+000\n",
      "  4.87033149e-111 4.09494776e-019]\n",
      " [0.00000000e+000 1.40090314e-056 2.27242693e-286 1.88547549e-010\n",
      "  4.01738284e-070 1.08498605e-014 1.16586618e-025 4.87033149e-111\n",
      "  0.00000000e+000 2.87385586e-039]\n",
      " [0.00000000e+000 5.67733982e-188 6.88096832e-115 4.13857245e-088\n",
      "  5.10988999e-005 6.30827563e-100 2.29440001e-126 4.09494776e-019\n",
      "  2.87385586e-039 0.00000000e+000]]\n",
      "Round 2 P_X2 Matrix:\n",
      "[[0.00000000e+00 9.40554386e-40 1.79948021e-37 3.33556816e-40\n",
      "  5.62020808e-46 4.76446307e-51 6.58052961e-55 2.30867637e-46\n",
      "  9.85437988e-51 1.20620947e-47]\n",
      " [9.40554386e-40 0.00000000e+00 0.00000000e+00 0.00000000e+00\n",
      "  0.00000000e+00 0.00000000e+00 0.00000000e+00 0.00000000e+00\n",
      "  0.00000000e+00 0.00000000e+00]\n",
      " [1.79948021e-37 0.00000000e+00 0.00000000e+00 0.00000000e+00\n",
      "  0.00000000e+00 0.00000000e+00 0.00000000e+00 0.00000000e+00\n",
      "  0.00000000e+00 0.00000000e+00]\n",
      " [3.33556816e-40 0.00000000e+00 0.00000000e+00 0.00000000e+00\n",
      "  0.00000000e+00 0.00000000e+00 0.00000000e+00 0.00000000e+00\n",
      "  0.00000000e+00 0.00000000e+00]\n",
      " [5.62020808e-46 0.00000000e+00 0.00000000e+00 0.00000000e+00\n",
      "  0.00000000e+00 0.00000000e+00 0.00000000e+00 0.00000000e+00\n",
      "  0.00000000e+00 0.00000000e+00]\n",
      " [4.76446307e-51 0.00000000e+00 0.00000000e+00 0.00000000e+00\n",
      "  0.00000000e+00 0.00000000e+00 0.00000000e+00 0.00000000e+00\n",
      "  0.00000000e+00 0.00000000e+00]\n",
      " [6.58052961e-55 0.00000000e+00 0.00000000e+00 0.00000000e+00\n",
      "  0.00000000e+00 0.00000000e+00 0.00000000e+00 0.00000000e+00\n",
      "  0.00000000e+00 0.00000000e+00]\n",
      " [2.30867637e-46 0.00000000e+00 0.00000000e+00 0.00000000e+00\n",
      "  0.00000000e+00 0.00000000e+00 0.00000000e+00 0.00000000e+00\n",
      "  0.00000000e+00 0.00000000e+00]\n",
      " [9.85437988e-51 0.00000000e+00 0.00000000e+00 0.00000000e+00\n",
      "  0.00000000e+00 0.00000000e+00 0.00000000e+00 0.00000000e+00\n",
      "  0.00000000e+00 0.00000000e+00]\n",
      " [1.20620947e-47 0.00000000e+00 0.00000000e+00 0.00000000e+00\n",
      "  0.00000000e+00 0.00000000e+00 0.00000000e+00 0.00000000e+00\n",
      "  0.00000000e+00 0.00000000e+00]]\n",
      "Round 2 Combined Distance Matrix:\n",
      "[[     0.         257091.27149277 240026.30868303 251273.89124072\n",
      "  246221.45583674 254321.40199421 255753.31634823 245376.55708546\n",
      "  251819.25375356 247001.84354816]\n",
      " [257091.27149277      0.          61295.32018003  48970.11987663\n",
      "   54378.42434191  45810.79675449  45225.92908667  54936.31683461\n",
      "   49063.30273222  53144.11703559]\n",
      " [240026.30868303  61295.32018003      0.          63264.61325089\n",
      "   64010.52745089  62087.77126781  62193.55477942  65602.57381309\n",
      "   62662.34828827  64105.73667545]\n",
      " [251273.89124072  48970.11987663  63264.61325089      0.\n",
      "   56199.79066838  50035.02365011  49268.82532074  57124.35884725\n",
      "   51875.69464484  56819.06288615]\n",
      " [246221.45583674  54378.42434191  64010.52745089  56199.79066838\n",
      "       0.          55758.96914997  55449.09987726  61142.54954746\n",
      "   56339.48809179  59370.75979524]\n",
      " [254321.40199421  45810.79675449  62087.77126781  50035.02365011\n",
      "   55758.96914997      0.          47121.99521738  56134.94660011\n",
      "   50114.12414399  54426.66390398]\n",
      " [255753.31634823  45225.92908667  62193.55477942  49268.82532074\n",
      "   55449.09987726  47121.99521738      0.          55289.27560824\n",
      "   48457.43698897  53429.88865157]\n",
      " [245376.55708546  54936.31683461  65602.57381309  57124.35884725\n",
      "   61142.54954746  56134.94660011  55289.27560824      0.\n",
      "   57275.70987971  59054.77660567]\n",
      " [251819.25375356  49063.30273222  62662.34828827  51875.69464484\n",
      "   56339.48809179  50114.12414399  48457.43698897  57275.70987971\n",
      "       0.          56167.54627234]\n",
      " [247001.84354816  53144.11703559  64105.73667545  56819.06288615\n",
      "   59370.75979524  54426.66390398  53429.88865157  59054.77660567\n",
      "   56167.54627234      0.        ]]\n",
      "Round 2 Average distances:\n",
      "[224888.52999829  66991.55983349  74524.87543889  68483.13803857\n",
      "  70887.10647596  67581.1692682   67218.93218785  71193.70648216\n",
      "  68377.49047957  70352.03953741]\n",
      "Round 2, Client with highest average distance: 0\n",
      "Round 3, Metrics: OrderedDict([('broadcast', ()), ('aggregation', OrderedDict([('value_sum_process', ()), ('weight_sum_process', ())])), ('train', OrderedDict([('sparse_categorical_accuracy', 0.92946666), ('loss', 0.2426476)]))])\n",
      "Round 3 Delta Class Matrix:\n",
      "[[   0. 9017. 8865. 8928. 9025. 8770. 9029. 9219. 8981. 8748.]\n",
      " [9017.    0. 1968. 1885. 1828. 1931. 1882. 2130. 1874. 1846.]\n",
      " [8865. 1968.    0. 1864. 1924. 1907. 1932. 2182. 1990. 1901.]\n",
      " [8928. 1885. 1864.    0. 1965. 1855. 1965. 2151. 1909. 1932.]\n",
      " [9025. 1828. 1924. 1965.    0. 1976. 1852. 2088. 1924. 1922.]\n",
      " [8770. 1931. 1907. 1855. 1976.    0. 1966. 2146. 1912. 1881.]\n",
      " [9029. 1882. 1932. 1965. 1852. 1966.    0. 2123. 1908. 1935.]\n",
      " [9219. 2130. 2182. 2151. 2088. 2146. 2123.    0. 2069. 2219.]\n",
      " [8981. 1874. 1990. 1909. 1924. 1912. 1908. 2069.    0. 1903.]\n",
      " [8748. 1846. 1901. 1932. 1922. 1881. 1935. 2219. 1903.    0.]]\n",
      "Round 3 Delta Score Matrix:\n",
      "[[    0. 99963. 99968. 99966. 99971. 99964. 99965. 99964. 99969. 99966.]\n",
      " [99963.     0. 42098. 37791. 40533. 37337. 38569. 39911. 39094. 35750.]\n",
      " [99968. 42098.     0. 41420. 43821. 40918. 42573. 43306. 43279. 39485.]\n",
      " [99966. 37791. 41420.     0. 40034. 36301. 38718. 39910. 38785. 35039.]\n",
      " [99971. 40533. 43821. 40034.     0. 39802. 41116. 41642. 41814. 37764.]\n",
      " [99964. 37337. 40918. 36301. 39802.     0. 37492. 37914. 38507. 34416.]\n",
      " [99965. 38569. 42573. 38718. 41116. 37492.     0. 40773. 40381. 36389.]\n",
      " [99964. 39911. 43306. 39910. 41642. 37914. 40773.     0. 40644. 37467.]\n",
      " [99969. 39094. 43279. 38785. 41814. 38507. 40381. 40644.     0. 37074.]\n",
      " [99966. 35750. 39485. 35039. 37764. 34416. 36389. 37467. 37074.     0.]]\n",
      "Round 3 P_KS Matrix:\n",
      "[[0.00000000e+000 0.00000000e+000 0.00000000e+000 0.00000000e+000\n",
      "  0.00000000e+000 0.00000000e+000 0.00000000e+000 0.00000000e+000\n",
      "  0.00000000e+000 0.00000000e+000]\n",
      " [0.00000000e+000 0.00000000e+000 1.34363932e-113 1.62883622e-004\n",
      "  7.42103928e-047 1.29844597e-018 1.54963639e-003 1.59646922e-009\n",
      "  2.52476700e-013 9.30128848e-075]\n",
      " [0.00000000e+000 1.34363932e-113 0.00000000e+000 4.35718065e-143\n",
      "  2.15912836e-015 5.23484011e-215 2.08011445e-081 7.61841609e-060\n",
      "  1.66609492e-050 0.00000000e+000]\n",
      " [0.00000000e+000 1.62883622e-004 4.35718065e-143 0.00000000e+000\n",
      "  3.28279804e-066 5.96497295e-008 2.20061329e-012 1.54355035e-022\n",
      "  2.12759912e-024 5.12740152e-054]\n",
      " [0.00000000e+000 7.42103928e-047 2.15912836e-015 3.28279804e-066\n",
      "  0.00000000e+000 1.01999867e-117 3.99036502e-027 1.72728586e-015\n",
      "  1.65783642e-011 1.71850850e-238]\n",
      " [0.00000000e+000 1.29844597e-018 5.23484011e-215 5.96497295e-008\n",
      "  1.01999867e-117 0.00000000e+000 2.29087154e-034 7.36199642e-051\n",
      "  3.74289362e-058 1.05535267e-021]\n",
      " [0.00000000e+000 1.54963639e-003 2.08011445e-081 2.20061329e-012\n",
      "  3.99036502e-027 2.29087154e-034 0.00000000e+000 2.39075730e-002\n",
      "  3.05695231e-004 7.02590762e-106]\n",
      " [0.00000000e+000 1.59646922e-009 7.61841609e-060 1.54355035e-022\n",
      "  1.72728586e-015 7.36199642e-051 2.39075730e-002 0.00000000e+000\n",
      "  6.91490162e-001 5.72768793e-134]\n",
      " [0.00000000e+000 2.52476700e-013 1.66609492e-050 2.12759912e-024\n",
      "  1.65783642e-011 3.74289362e-058 3.05695231e-004 6.91490162e-001\n",
      "  0.00000000e+000 1.95207860e-149]\n",
      " [0.00000000e+000 9.30128848e-075 0.00000000e+000 5.12740152e-054\n",
      "  1.71850850e-238 1.05535267e-021 7.02590762e-106 5.72768793e-134\n",
      "  1.95207860e-149 0.00000000e+000]]\n",
      "Round 3 P_X2 Matrix:\n",
      "[[0. 1. 1. 1. 1. 1. 1. 1. 1. 1.]\n",
      " [1. 0. 0. 0. 0. 0. 0. 0. 0. 0.]\n",
      " [1. 0. 0. 0. 0. 0. 0. 0. 0. 0.]\n",
      " [1. 0. 0. 0. 0. 0. 0. 0. 0. 0.]\n",
      " [1. 0. 0. 0. 0. 0. 0. 0. 0. 0.]\n",
      " [1. 0. 0. 0. 0. 0. 0. 0. 0. 0.]\n",
      " [1. 0. 0. 0. 0. 0. 0. 0. 0. 0.]\n",
      " [1. 0. 0. 0. 0. 0. 0. 0. 0. 0.]\n",
      " [1. 0. 0. 0. 0. 0. 0. 0. 0. 0.]\n",
      " [1. 0. 0. 0. 0. 0. 0. 0. 0. 0.]]\n",
      "Round 3 Combined Distance Matrix:\n",
      "[[     0.         246762.97066621 239495.54305456 247516.86984005\n",
      "  242485.01409159 248878.71438713 245355.29411708 243516.42658781\n",
      "  244367.52747984 251451.81773254]\n",
      " [246762.97066621      0.          63102.67111827  56132.66794061\n",
      "   60205.09421504  55633.6386512   57246.69998436  59653.48252477\n",
      "   58036.17255589  53586.42851948]\n",
      " [239495.54305456  63102.67111827      0.          62200.41858034\n",
      "   64819.58015908  61946.59911569  63445.03436864  64558.10559214\n",
      "   64367.00803481  60812.12474499]\n",
      " [247516.86984005  56132.66794061  62200.41858034      0.\n",
      "   59823.66573627  54020.79956037  57619.61915052  59764.19692224\n",
      "   57730.32535628  52579.75210742]\n",
      " [242485.01409159  60205.09421504  64819.58015908  59823.66573627\n",
      "       0.          59766.40353911  60905.23920253  61877.61286993\n",
      "   61917.21036652  57512.1966195 ]\n",
      " [248878.71438713  55633.6386512   61946.59911569  54020.79956037\n",
      "   59766.40353911      0.          56050.04470483  57203.32303655\n",
      "   57522.36955529  51469.37932402]\n",
      " [245355.29411708  57246.69998436  63445.03436864  57619.61915052\n",
      "   60905.23920253  56050.04470483      0.          60733.39425582\n",
      "   59829.32566241  54874.68938737]\n",
      " [243516.42658781  59653.48252477  64558.10559214  59764.19692224\n",
      "   61877.61286993  57203.32303655  60733.39425582      0.\n",
      "   60440.39421684  57254.25794562]\n",
      " [244367.52747984  58036.17255589  64367.00803481  57730.32535628\n",
      "   61917.21036652  57522.36955529  59829.32566241  60440.39421684\n",
      "       0.          56009.59995558]\n",
      " [251451.81773254  53586.42851948  60812.12474499  52579.75210742\n",
      "   57512.1966195   51469.37932402  54874.68938737  57254.25794562\n",
      "   56009.59995558      0.        ]]\n",
      "Round 3 Average distances:\n",
      "[220983.01779568  71035.98261758  74474.70847685  70738.83151941\n",
      "  72931.20167996  70249.12718742  71605.93408336  72500.11939517\n",
      "  72021.99331834  69555.02463365]\n",
      "Round 3, Client with highest average distance: 0\n",
      "Round 4, Metrics: OrderedDict([('broadcast', ()), ('aggregation', OrderedDict([('value_sum_process', ()), ('weight_sum_process', ())])), ('train', OrderedDict([('sparse_categorical_accuracy', 0.94048333), ('loss', 0.20605735)]))])\n",
      "Round 4 Delta Class Matrix:\n",
      "[[   0. 9116. 9001. 9051. 8993. 8917. 8900. 8770. 9136. 8963.]\n",
      " [9116.    0. 2035. 2173. 2004. 2104. 1981. 2196. 2152. 1936.]\n",
      " [9001. 2035.    0. 1991. 1789. 1926. 1877. 1984. 2009. 1858.]\n",
      " [9051. 2173. 1991.    0. 1942. 2029. 1990. 2294. 2052. 2026.]\n",
      " [8993. 2004. 1789. 1942.    0. 1718. 1765. 1964. 1810. 1798.]\n",
      " [8917. 2104. 1926. 2029. 1718.    0. 1865. 2037. 1868. 1826.]\n",
      " [8900. 1981. 1877. 1990. 1765. 1865.    0. 2111. 1995. 1780.]\n",
      " [8770. 2196. 1984. 2294. 1964. 2037. 2111.    0. 2227. 2004.]\n",
      " [9136. 2152. 2009. 2052. 1810. 1868. 1995. 2227.    0. 2015.]\n",
      " [8963. 1936. 1858. 2026. 1798. 1826. 1780. 2004. 2015.    0.]]\n",
      "Round 4 Delta Score Matrix:\n",
      "[[    0. 99669. 99662. 99638. 99668. 99870. 99707. 99713. 99720. 99633.]\n",
      " [99669.     0. 35075. 37820. 30814. 37232. 35141. 38672. 36415. 30143.]\n",
      " [99662. 35075.     0. 39104. 31821. 37949. 36369. 38601. 37515. 31997.]\n",
      " [99638. 37820. 39104.     0. 34618. 40454. 38878. 42940. 39275. 35054.]\n",
      " [99668. 30814. 31821. 34618.     0. 32139. 31321. 34700. 32190. 26335.]\n",
      " [99870. 37232. 37949. 40454. 32139.     0. 37699. 39740. 38059. 33024.]\n",
      " [99707. 35141. 36369. 38878. 31321. 37699.     0. 39771. 37344. 31599.]\n",
      " [99713. 38672. 38601. 42940. 34700. 39740. 39771.     0. 40755. 35073.]\n",
      " [99720. 36415. 37515. 39275. 32190. 38059. 37344. 40755.     0. 33096.]\n",
      " [99633. 30143. 31997. 35054. 26335. 33024. 31599. 35073. 33096.     0.]]\n",
      "Round 4 P_KS Matrix:\n",
      "[[0.00000000e+000 0.00000000e+000 0.00000000e+000 0.00000000e+000\n",
      "  0.00000000e+000 0.00000000e+000 0.00000000e+000 0.00000000e+000\n",
      "  0.00000000e+000 0.00000000e+000]\n",
      " [0.00000000e+000 0.00000000e+000 1.05785945e-018 1.88537801e-134\n",
      "  2.29930677e-137 5.54321814e-039 4.95847171e-018 9.68372376e-123\n",
      "  1.06543673e-028 1.39348019e-117]\n",
      " [0.00000000e+000 1.05785945e-018 0.00000000e+000 2.53640649e-054\n",
      "  2.44633728e-255 1.69323443e-004 4.88133481e-002 4.09246760e-048\n",
      "  4.64835518e-002 6.44797175e-228]\n",
      " [0.00000000e+000 1.88537801e-134 2.53640649e-054 0.00000000e+000\n",
      "  0.00000000e+000 8.52927842e-030 8.46193184e-057 3.40053299e-001\n",
      "  1.16876681e-039 0.00000000e+000]\n",
      " [0.00000000e+000 2.29930677e-137 2.44633728e-255 0.00000000e+000\n",
      "  0.00000000e+000 5.08887615e-321 9.59879143e-253 0.00000000e+000\n",
      "  1.25321335e-289 1.53962499e-001]\n",
      " [0.00000000e+000 5.54321814e-039 1.69323443e-004 8.52927842e-030\n",
      "  5.08887615e-321 0.00000000e+000 4.06210145e-007 3.86778552e-025\n",
      "  2.91896725e-001 3.38409533e-290]\n",
      " [0.00000000e+000 4.95847171e-018 4.88133481e-002 8.46193184e-057\n",
      "  9.59879143e-253 4.06210145e-007 0.00000000e+000 6.33040091e-054\n",
      "  9.38584706e-005 1.81456033e-225]\n",
      " [0.00000000e+000 9.68372376e-123 4.09246760e-048 3.40053299e-001\n",
      "  0.00000000e+000 3.86778552e-025 6.33040091e-054 0.00000000e+000\n",
      "  1.35760713e-033 0.00000000e+000]\n",
      " [0.00000000e+000 1.06543673e-028 4.64835518e-002 1.16876681e-039\n",
      "  1.25321335e-289 2.91896725e-001 9.38584706e-005 1.35760713e-033\n",
      "  0.00000000e+000 1.97637349e-260]\n",
      " [0.00000000e+000 1.39348019e-117 6.44797175e-228 0.00000000e+000\n",
      "  1.53962499e-001 3.38409533e-290 1.81456033e-225 0.00000000e+000\n",
      "  1.97637349e-260 0.00000000e+000]]\n",
      "Round 4 P_X2 Matrix:\n",
      "[[0.00000000e+00 1.23934571e-14 2.19577925e-14 5.49793084e-14\n",
      "  8.39298296e-15 6.48347332e-09 2.51444141e-14 1.37267931e-14\n",
      "  2.94882031e-12 1.06243299e-13]\n",
      " [1.23934571e-14 0.00000000e+00 0.00000000e+00 0.00000000e+00\n",
      "  0.00000000e+00 0.00000000e+00 0.00000000e+00 0.00000000e+00\n",
      "  0.00000000e+00 0.00000000e+00]\n",
      " [2.19577925e-14 0.00000000e+00 0.00000000e+00 0.00000000e+00\n",
      "  0.00000000e+00 0.00000000e+00 0.00000000e+00 0.00000000e+00\n",
      "  0.00000000e+00 0.00000000e+00]\n",
      " [5.49793084e-14 0.00000000e+00 0.00000000e+00 0.00000000e+00\n",
      "  0.00000000e+00 0.00000000e+00 0.00000000e+00 0.00000000e+00\n",
      "  0.00000000e+00 0.00000000e+00]\n",
      " [8.39298296e-15 0.00000000e+00 0.00000000e+00 0.00000000e+00\n",
      "  0.00000000e+00 0.00000000e+00 0.00000000e+00 0.00000000e+00\n",
      "  0.00000000e+00 0.00000000e+00]\n",
      " [6.48347332e-09 0.00000000e+00 0.00000000e+00 0.00000000e+00\n",
      "  0.00000000e+00 0.00000000e+00 0.00000000e+00 0.00000000e+00\n",
      "  0.00000000e+00 0.00000000e+00]\n",
      " [2.51444141e-14 0.00000000e+00 0.00000000e+00 0.00000000e+00\n",
      "  0.00000000e+00 0.00000000e+00 0.00000000e+00 0.00000000e+00\n",
      "  0.00000000e+00 0.00000000e+00]\n",
      " [1.37267931e-14 0.00000000e+00 0.00000000e+00 0.00000000e+00\n",
      "  0.00000000e+00 0.00000000e+00 0.00000000e+00 0.00000000e+00\n",
      "  0.00000000e+00 0.00000000e+00]\n",
      " [2.94882031e-12 0.00000000e+00 0.00000000e+00 0.00000000e+00\n",
      "  0.00000000e+00 0.00000000e+00 0.00000000e+00 0.00000000e+00\n",
      "  0.00000000e+00 0.00000000e+00]\n",
      " [1.06243299e-13 0.00000000e+00 0.00000000e+00 0.00000000e+00\n",
      "  0.00000000e+00 0.00000000e+00 0.00000000e+00 0.00000000e+00\n",
      "  0.00000000e+00 0.00000000e+00]]\n",
      "Round 4 Combined Distance Matrix:\n",
      "[[     0.         254087.02246475 252303.39798735 246541.71077133\n",
      "  262249.00726496 250218.53191448 252416.49994071 245746.68744655\n",
      "  250503.62330996 261422.81158009]\n",
      " [254087.02246475      0.          52553.44862032  57483.91735487\n",
      "   47733.66375999  55909.61565762  52551.03873428  58888.92381895\n",
      "   54797.47307083  46471.91024044]\n",
      " [252303.39798735  52553.44862032      0.          58681.8271312\n",
      "   49393.55196201  56491.59028742  54109.97720326  58086.80518832\n",
      "   55992.74010793  49441.61609047]\n",
      " [246541.71077133  57483.91735487  58681.8271312       0.\n",
      "   55883.11861061  60327.70622694  58362.91374941  64012.77749883\n",
      "   58691.94322297  56173.39977147]\n",
      " [262249.00726496  47733.66375999  49393.55196201  55883.11861061\n",
      "       0.          50574.51252407  48618.58834084  56373.67735302\n",
      "   50668.97644534  39828.46046178]\n",
      " [250218.53191448  55909.61565762  56491.59028742  60327.70622694\n",
      "   50574.51252407      0.          56070.77215297  59402.79466021\n",
      "   56498.0010519   51608.92991663]\n",
      " [252416.49994071  52551.03873428  54109.97720326  58362.91374941\n",
      "   48618.58834084  56070.77215297      0.          59928.56967615\n",
      "   55716.1111602   48734.93608645]\n",
      " [245746.68744655  58888.92381895  58086.80518832  64012.77749883\n",
      "   56373.67735302  59402.79466021  59928.56967615      0.\n",
      "   61135.76389681  56510.75670012]\n",
      " [250503.62330996  54797.47307083  55992.74010793  58691.94322297\n",
      "   50668.97644534  56498.0010519   55716.1111602   61135.76389681\n",
      "       0.          51850.65944213]\n",
      " [261422.81158009  46471.91024044  49441.61609047  56173.39977147\n",
      "   39828.46046178  51608.92991663  48734.93608645  56510.75670012\n",
      "   51850.65944213      0.        ]]\n",
      "Round 4 Average distances:\n",
      "[227548.92926802  68047.7013722   68705.49545783  71615.93143376\n",
      "  66132.35567226  69710.24543922  68650.94070443  72008.6756239\n",
      "  69585.52917081  66204.34802896]\n",
      "Round 4, Client with highest average distance: 0\n",
      "Round 5, Metrics: OrderedDict([('broadcast', ()), ('aggregation', OrderedDict([('value_sum_process', ()), ('weight_sum_process', ())])), ('train', OrderedDict([('sparse_categorical_accuracy', 0.9482), ('loss', 0.179923)]))])\n",
      "Round 5 Delta Class Matrix:\n",
      "[[   0. 9036. 9017. 8969. 9047. 9058. 8910. 8923. 9026. 8867.]\n",
      " [9036.    0. 1921. 2065. 1873. 1945. 1942. 1960. 2066. 1798.]\n",
      " [9017. 1921.    0. 2080. 1806. 1862. 1784. 1827. 1958. 1732.]\n",
      " [8969. 2065. 2080.    0. 2037. 2152. 2038. 2098. 2208. 1911.]\n",
      " [9047. 1873. 1806. 2037.    0. 1851. 1836. 1856. 2024. 1776.]\n",
      " [9058. 1945. 1862. 2152. 1851.    0. 1860. 1868. 1967. 1764.]\n",
      " [8910. 1942. 1784. 2038. 1836. 1860.    0. 1779. 1945. 1722.]\n",
      " [8923. 1960. 1827. 2098. 1856. 1868. 1779.    0. 1976. 1735.]\n",
      " [9026. 2066. 1958. 2208. 2024. 1967. 1945. 1976.    0. 1824.]\n",
      " [8867. 1798. 1732. 1911. 1776. 1764. 1722. 1735. 1824.    0.]]\n",
      "Round 5 Delta Score Matrix:\n",
      "[[    0. 99939. 99929. 99971. 99951. 99933. 99923. 99927. 99963. 99923.]\n",
      " [99939.     0. 43525. 37829. 38862. 37819. 39755. 40588. 40581. 35192.]\n",
      " [99929. 43525.     0. 42221. 42126. 41991. 42879. 43775. 44433. 38929.]\n",
      " [99971. 37829. 42221.     0. 35637. 35393. 37117. 37890. 38113. 32123.]\n",
      " [99951. 38862. 42126. 35637.     0. 35550. 37493. 38658. 39019. 33038.]\n",
      " [99933. 37819. 41991. 35393. 35550.     0. 36443. 37567. 37552. 32054.]\n",
      " [99923. 39755. 42879. 37117. 37493. 36443.     0. 38942. 39573. 33411.]\n",
      " [99927. 40588. 43775. 37890. 38658. 37567. 38942.     0. 40880. 35474.]\n",
      " [99963. 40581. 44433. 38113. 39019. 37552. 39573. 40880.     0. 35408.]\n",
      " [99923. 35192. 38929. 32123. 33038. 32054. 33411. 35474. 35408.     0.]]\n",
      "Round 5 P_KS Matrix:\n",
      "[[0.00000000e+000 0.00000000e+000 0.00000000e+000 0.00000000e+000\n",
      "  0.00000000e+000 0.00000000e+000 0.00000000e+000 0.00000000e+000\n",
      "  0.00000000e+000 0.00000000e+000]\n",
      " [0.00000000e+000 0.00000000e+000 3.33061689e-109 1.41399442e-082\n",
      "  1.29234147e-029 2.17509098e-094 4.90877565e-025 8.42890120e-001\n",
      "  4.18408209e-001 1.07793143e-272]\n",
      " [0.00000000e+000 3.33061689e-109 0.00000000e+000 0.00000000e+000\n",
      "  1.08237569e-250 0.00000000e+000 1.08559051e-236 7.64024660e-100\n",
      "  3.17020596e-126 0.00000000e+000]\n",
      " [0.00000000e+000 1.41399442e-082 0.00000000e+000 0.00000000e+000\n",
      "  7.20525376e-014 5.12434994e-002 2.44355450e-017 6.63755384e-091\n",
      "  7.10603108e-069 3.08740125e-056]\n",
      " [0.00000000e+000 1.29234147e-029 1.08237569e-250 7.20525376e-014\n",
      "  0.00000000e+000 5.94406510e-019 9.70991444e-001 1.16927127e-034\n",
      "  1.05535267e-021 1.15216986e-123]\n",
      " [0.00000000e+000 2.17509098e-094 0.00000000e+000 5.12434994e-002\n",
      "  5.94406510e-019 0.00000000e+000 5.19463338e-023 2.51858035e-103\n",
