{
 "cells": [
  {
   "cell_type": "code",
   "execution_count": 1,
   "metadata": {},
   "outputs": [
    {
     "name": "stdout",
     "output_type": "stream",
     "text": [
      "Round 1, Metrics: OrderedDict([('broadcast', ()), ('aggregation', OrderedDict([('value_sum_process', ()), ('weight_sum_process', ())])), ('train', OrderedDict([('sparse_categorical_accuracy', 0.8427167), ('loss', 0.5798236)]))])\n",
      "Round 1 Delta Class Matrix:\n",
      "[[   0. 8554. 8681. 8806. 8851. 8581. 8822. 8592. 9027. 8471.]\n",
      " [8554.    0. 2138. 2019. 2127. 1998. 2184. 1896. 2117. 2045.]\n",
      " [8681. 2138.    0. 2091. 2061. 2123. 2233. 2005. 2150. 2098.]\n",
      " [8806. 2019. 2091.    0. 2112. 1929. 1970. 1733. 1932. 1978.]\n",
      " [8851. 2127. 2061. 2112.    0. 2007. 2170. 1974. 2022. 2158.]\n",
      " [8581. 1998. 2123. 1929. 2007.    0. 2048. 1800. 2056. 1954.]\n",
      " [8822. 2184. 2233. 1970. 2170. 2048.    0. 1912. 2121. 2109.]\n",
      " [8592. 1896. 2005. 1733. 1974. 1800. 1912.    0. 1891. 1819.]\n",
      " [9027. 2117. 2150. 1932. 2022. 2056. 2121. 1891.    0. 2020.]\n",
      " [8471. 2045. 2098. 1978. 2158. 1954. 2109. 1819. 2020.    0.]]\n",
      "Round 1 Average distances (Delta Class):\n",
      "[20308.42523839  4596.64370282  4650.78621507  4526.59340619\n",
      "  4628.15132936  4529.59845964  4637.45260816  4463.29760489\n",
      "  4606.88241218  4558.33824285]\n",
      "Round 1, Client with highest average distance (Delta Class): 0\n",
      "Round 1 Delta Score Matrix:\n",
      "[[    0. 98563. 97231. 97107. 97368. 98353. 97856. 97250. 97419. 97532.]\n",
      " [98563.     0. 40208. 42664. 45670. 41899. 49648. 40459. 45526. 40367.]\n",
      " [97231. 40208.     0. 33754. 37941. 35428. 42642. 31693. 37185. 30797.]\n",
      " [97107. 42664. 33754.     0. 41718. 38452. 44034. 33678. 38540. 33408.]\n",
      " [97368. 45670. 37941. 41718.     0. 41537. 48215. 39602. 44059. 39310.]\n",
      " [98353. 41899. 35428. 38452. 41537.     0. 46333. 35797. 41693. 35558.]\n",
      " [97856. 49648. 42642. 44034. 48215. 46333.     0. 43269. 46499. 43023.]\n",
      " [97250. 40459. 31693. 33678. 39602. 35797. 43269.     0. 37945. 31378.]\n",
      " [97419. 45526. 37185. 38540. 44059. 41693. 46499. 37945.     0. 37425.]\n",
      " [97532. 40367. 30797. 33408. 39310. 35558. 43023. 31378. 37425.     0.]]\n",
      "Round 1 Average distances (Delta Score):\n",
      "[192672.29162266  71255.7052647   64862.14546534  65950.49220333\n",
      "  69821.01525583  67065.78693576  74289.64167351  65065.04052879\n",
      "  68497.79765129  64954.45358482]\n",
      "Round 1, Client with highest average distance (Delta Score): 0\n",
      "Round 1 P_KS Matrix:\n",
      "[[0.00000000e+000 0.00000000e+000 0.00000000e+000 0.00000000e+000\n",
      "  0.00000000e+000 0.00000000e+000 0.00000000e+000 0.00000000e+000\n",
      "  0.00000000e+000 0.00000000e+000]\n",
      " [0.00000000e+000 0.00000000e+000 0.00000000e+000 2.40619851e-319\n",
      "  2.09047507e-027 1.72737563e-186 6.19692243e-032 0.00000000e+000\n",
      "  1.00886258e-072 0.00000000e+000]\n",
      " [0.00000000e+000 0.00000000e+000 0.00000000e+000 2.32026184e-080\n",
      "  0.00000000e+000 1.62576368e-173 0.00000000e+000 1.35314074e-013\n",
      "  0.00000000e+000 9.65037040e-003]\n",
      " [0.00000000e+000 2.40619851e-319 2.32026184e-080 0.00000000e+000\n",
      "  4.59026853e-161 7.04221903e-020 0.00000000e+000 6.72470666e-029\n",
      "  1.25749682e-090 1.86777455e-056]\n",
      " [0.00000000e+000 2.09047507e-027 0.00000000e+000 4.59026853e-161\n",
      "  0.00000000e+000 4.74216247e-072 9.02527416e-117 0.00000000e+000\n",
      "  8.41402055e-015 0.00000000e+000]\n",
      " [0.00000000e+000 1.72737563e-186 1.62576368e-173 7.04221903e-020\n",
      "  4.74216247e-072 0.00000000e+000 0.00000000e+000 1.84386874e-091\n",
      "  2.40483648e-028 3.22131165e-137]\n",
      " [0.00000000e+000 6.19692243e-032 0.00000000e+000 0.00000000e+000\n",
      "  9.02527416e-117 0.00000000e+000 0.00000000e+000 0.00000000e+000\n",
      "  2.65581629e-195 0.00000000e+000]\n",
      " [0.00000000e+000 0.00000000e+000 1.35314074e-013 6.72470666e-029\n",
      "  0.00000000e+000 1.84386874e-091 0.00000000e+000 0.00000000e+000\n",
      "  3.55634137e-220 3.74497312e-005]\n",
      " [0.00000000e+000 1.00886258e-072 0.00000000e+000 1.25749682e-090\n",
      "  8.41402055e-015 2.40483648e-028 2.65581629e-195 3.55634137e-220\n",
      "  0.00000000e+000 1.23507882e-288]\n",
      " [0.00000000e+000 0.00000000e+000 9.65037040e-003 1.86777455e-056\n",
      "  0.00000000e+000 3.22131165e-137 0.00000000e+000 3.74497312e-005\n",
      "  1.23507882e-288 0.00000000e+000]]\n",
      "Round 1 Average distances (P_KS):\n",
      "[0.00193383 0.00193383 0.00908132 0.00193383 0.00193383 0.00193383\n",
      " 0.00193383 0.00195256 0.00193383 0.00908514]\n",
      "Round 1, Client with highest average distance (P_KS): 9\n",
      "Round 1 P_X2 Matrix:\n",
      "[[0. 0. 0. 0. 0. 0. 0. 0. 0. 0.]\n",
      " [0. 0. 0. 0. 0. 0. 0. 0. 0. 0.]\n",
      " [0. 0. 0. 0. 0. 0. 0. 0. 0. 0.]\n",
      " [0. 0. 0. 0. 0. 0. 0. 0. 0. 0.]\n",
      " [0. 0. 0. 0. 0. 0. 0. 0. 0. 0.]\n",
      " [0. 0. 0. 0. 0. 0. 0. 0. 0. 0.]\n",
      " [0. 0. 0. 0. 0. 0. 0. 0. 0. 0.]\n",
      " [0. 0. 0. 0. 0. 0. 0. 0. 0. 0.]\n",
      " [0. 0. 0. 0. 0. 0. 0. 0. 0. 0.]\n",
      " [0. 0. 0. 0. 0. 0. 0. 0. 0. 0.]]\n",
      "Round 1 Average distances (P_X2):\n",
      "[0. 0. 0. 0. 0. 0. 0. 0. 0. 0.]\n",
      "Round 1, Client with highest average distance (P_X2): 0\n",
      "Round 2, Metrics: OrderedDict([('broadcast', ()), ('aggregation', OrderedDict([('value_sum_process', ()), ('weight_sum_process', ())])), ('train', OrderedDict([('sparse_categorical_accuracy', 0.9152), ('loss', 0.29265645)]))])\n",
      "Round 2 Delta Class Matrix:\n",
      "[[   0. 8796. 8810. 8811. 8914. 8886. 8677. 8893. 8924. 8720.]\n",
      " [8796.    0. 1792. 1915. 1860. 1861. 1781. 1887. 2020. 1804.]\n",
      " [8810. 1792.    0. 1931. 1957. 1958. 1883. 1835. 2115. 1969.]\n",
      " [8811. 1915. 1931.    0. 1991. 1970. 1762. 1883. 2092. 1904.]\n",
      " [8914. 1860. 1957. 1991.    0. 1914. 1912. 1943. 1983. 1963.]\n",
      " [8886. 1861. 1958. 1970. 1914.    0. 1833. 1985. 1967. 1985.]\n",
      " [8677. 1781. 1883. 1762. 1912. 1833.    0. 1884. 1952. 1831.]\n",
      " [8893. 1887. 1835. 1883. 1943. 1985. 1884.    0. 2083. 1900.]\n",
      " [8924. 2020. 2115. 2092. 1983. 1967. 1952. 2083.    0. 2030.]\n",
      " [8720. 1804. 1969. 1904. 1963. 1985. 1831. 1900. 2030.    0.]]\n",
      "Round 2 Average distances (Delta Class):\n",
      "[20850.17215857  4454.47067301  4508.32690659  4508.76978269\n",
      "  4522.95990812  4515.65489683  4445.81013983  4507.95332215\n",
      "  4620.21215494  4498.30426782]\n",
      "Round 2, Client with highest average distance (Delta Class): 0\n",
      "Round 2 Delta Score Matrix:\n",
      "[[    0. 98504. 98694. 98367. 98688. 98946. 98478. 98749. 99240. 98425.]\n",
      " [98504.     0. 34751. 34342. 37516. 34037. 30105. 33714. 37813. 30904.]\n",
      " [98694. 34751.     0. 39052. 42440. 38918. 35759. 38007. 42760. 36413.]\n",
      " [98367. 34342. 39052.     0. 41323. 38148. 33876. 38158. 41717. 34328.]\n",
      " [98688. 37516. 42440. 41323.     0. 41112. 38003. 40470. 43837. 38546.]\n",
      " [98946. 34037. 38918. 38148. 41112.     0. 33994. 37160. 40496. 35354.]\n",
      " [98478. 30105. 35759. 33876. 38003. 33994.     0. 34273. 38679. 30819.]\n",
      " [98749. 33714. 38007. 38158. 40470. 37160. 34273.     0. 40922. 34661.]\n",
      " [99240. 37813. 42760. 41717. 43837. 40496. 38679. 40922.     0. 38827.]\n",
      " [98425. 30904. 36413. 34328. 38546. 35354. 30819. 34661. 38827.     0.]]\n",
      "Round 2 Average distances (Delta Score):\n",
      "[200679.36572489  62780.99388575  66132.79811532  65190.1559656\n",
      "  68439.89673421  65013.70528976  62904.95463615  64784.29038595\n",
      "  68785.9258106   63169.31519855]\n",
      "Round 2, Client with highest average distance (Delta Score): 0\n",
      "Round 2 P_KS Matrix:\n",
      "[[0.00000000e+000 0.00000000e+000 0.00000000e+000 0.00000000e+000\n",
      "  0.00000000e+000 0.00000000e+000 0.00000000e+000 0.00000000e+000\n",
      "  0.00000000e+000 0.00000000e+000]\n",
      " [0.00000000e+000 0.00000000e+000 3.03713855e-195 1.15338978e-125\n",
      "  0.00000000e+000 3.28481616e-127 1.10244703e-001 1.78164762e-098\n",
      "  0.00000000e+000 5.89827893e-005]\n",
      " [0.00000000e+000 3.03713855e-195 0.00000000e+000 2.75650578e-008\n",
      "  8.66951488e-037 6.62638093e-008 1.72737563e-186 4.07518471e-017\n",
      "  1.47279555e-045 7.46507650e-141]\n",
      " [0.00000000e+000 1.15338978e-125 2.75650578e-008 0.00000000e+000\n",
      "  5.42093519e-078 7.21323726e-001 1.26839161e-118 3.76253639e-002\n",
      "  2.17281802e-090 6.45488013e-083]\n",
      " [0.00000000e+000 0.00000000e+000 8.66951488e-037 5.42093519e-078\n",
      "  0.00000000e+000 5.74242096e-077 0.00000000e+000 3.82383409e-102\n",
      "  1.25259205e-001 8.46136825e-320]\n",
      " [0.00000000e+000 3.28481616e-127 6.62638093e-008 7.21323726e-001\n",
      "  5.74242096e-077 0.00000000e+000 2.37939059e-119 1.87544572e-002\n",
      "  1.01925741e-089 5.57004842e-084]\n",
      " [0.00000000e+000 1.10244703e-001 1.72737563e-186 1.26839161e-118\n",
      "  0.00000000e+000 2.37939059e-119 0.00000000e+000 2.93822869e-092\n",
      "  0.00000000e+000 1.22027997e-003]\n",
      " [0.00000000e+000 1.78164762e-098 4.07518471e-017 3.76253639e-002\n",
      "  3.82383409e-102 1.87544572e-002 2.93822869e-092 0.00000000e+000\n",
      "  1.51473564e-116 1.58007730e-061]\n",
      " [0.00000000e+000 0.00000000e+000 1.47279555e-045 2.17281802e-090\n",
      "  1.25259205e-001 1.01925741e-089 0.00000000e+000 1.51473564e-116\n",
      "  0.00000000e+000 0.00000000e+000]\n",
      " [0.00000000e+000 5.89827893e-005 7.46507650e-141 6.45488013e-083\n",
      "  8.46136825e-320 5.57004842e-084 1.22027997e-003 1.58007730e-061\n",
      "  0.00000000e+000 0.00000000e+000]]\n",
      "Round 2 Average distances (P_KS):\n",
      "[0.19581486 0.23977553 0.19581485 0.68192849 0.248423   0.67937968\n",
      " 0.23989608 0.20151682 0.248423   0.19581295]\n",
      "Round 2, Client with highest average distance (P_KS): 3\n",
      "Round 2 P_X2 Matrix:\n",
      "[[0.00000000e+000 1.21540264e-196 1.29707440e-214 2.33687505e-185\n",
      "  7.39683772e-196 2.56125785e-175 1.29174976e-180 1.43336125e-196\n",
      "  1.14659889e-190 5.14050407e-202]\n",
      " [1.21540264e-196 0.00000000e+000 0.00000000e+000 0.00000000e+000\n",
      "  0.00000000e+000 0.00000000e+000 0.00000000e+000 0.00000000e+000\n",
      "  0.00000000e+000 0.00000000e+000]\n",
      " [1.29707440e-214 0.00000000e+000 0.00000000e+000 0.00000000e+000\n",
      "  0.00000000e+000 0.00000000e+000 0.00000000e+000 0.00000000e+000\n",
      "  0.00000000e+000 0.00000000e+000]\n",
      " [2.33687505e-185 0.00000000e+000 0.00000000e+000 0.00000000e+000\n",
      "  0.00000000e+000 0.00000000e+000 0.00000000e+000 0.00000000e+000\n",
      "  0.00000000e+000 0.00000000e+000]\n",
      " [7.39683772e-196 0.00000000e+000 0.00000000e+000 0.00000000e+000\n",
      "  0.00000000e+000 0.00000000e+000 0.00000000e+000 0.00000000e+000\n",
      "  0.00000000e+000 0.00000000e+000]\n",
      " [2.56125785e-175 0.00000000e+000 0.00000000e+000 0.00000000e+000\n",
      "  0.00000000e+000 0.00000000e+000 0.00000000e+000 0.00000000e+000\n",
      "  0.00000000e+000 0.00000000e+000]\n",
      " [1.29174976e-180 0.00000000e+000 0.00000000e+000 0.00000000e+000\n",
      "  0.00000000e+000 0.00000000e+000 0.00000000e+000 0.00000000e+000\n",
      "  0.00000000e+000 0.00000000e+000]\n",
      " [1.43336125e-196 0.00000000e+000 0.00000000e+000 0.00000000e+000\n",
      "  0.00000000e+000 0.00000000e+000 0.00000000e+000 0.00000000e+000\n",
      "  0.00000000e+000 0.00000000e+000]\n",
      " [1.14659889e-190 0.00000000e+000 0.00000000e+000 0.00000000e+000\n",
      "  0.00000000e+000 0.00000000e+000 0.00000000e+000 0.00000000e+000\n",
      "  0.00000000e+000 0.00000000e+000]\n",
      " [5.14050407e-202 0.00000000e+000 0.00000000e+000 0.00000000e+000\n",
      "  0.00000000e+000 0.00000000e+000 0.00000000e+000 0.00000000e+000\n",
      "  0.00000000e+000 0.00000000e+000]]\n",
      "Round 2 Average distances (P_X2):\n",
      "[0. 0. 0. 0. 0. 0. 0. 0. 0. 0.]\n",
      "Round 2, Client with highest average distance (P_X2): 0\n",
      "Round 3, Metrics: OrderedDict([('broadcast', ()), ('aggregation', OrderedDict([('value_sum_process', ()), ('weight_sum_process', ())])), ('train', OrderedDict([('sparse_categorical_accuracy', 0.9314), ('loss', 0.23510475)]))])\n",
      "Round 3 Delta Class Matrix:\n",
      "[[   0. 9030. 9069. 8917. 9181. 8801. 9071. 9132. 8894. 8745.]\n",
      " [9030.    0. 2041. 1964. 1784. 1983. 1852. 1919. 1874. 2113.]\n",
      " [9069. 2041.    0. 2056. 1888. 1965. 2022. 1936. 1957. 2420.]\n",
      " [8917. 1964. 2056.    0. 1963. 2111. 1974. 2005. 1991. 2167.]\n",
      " [9181. 1784. 1888. 1963.    0. 1933. 1857. 1876. 1860. 2206.]\n",
      " [8801. 1983. 1965. 2111. 1933.    0. 1949. 2000. 1928. 2382.]\n",
      " [9071. 1852. 2022. 1974. 1857. 1949.    0. 1955. 1881. 2151.]\n",
      " [9132. 1919. 1936. 2005. 1876. 2000. 1955.    0. 1942. 2183.]\n",
      " [8894. 1874. 1957. 1991. 1860. 1928. 1881. 1942.    0. 2195.]\n",
      " [8745. 2113. 2420. 2167. 2206. 2382. 2151. 2183. 2195.    0.]]\n",
      "Round 3 Average distances (Delta Class):\n",
      "[21124.69813331  4586.63561001  4671.57901621  4654.63117458\n",
      "  4584.58739736  4657.18890015  4598.17507284  4620.50037015\n",
      "  4588.55976756  4894.41934801]\n",
      "Round 3, Client with highest average distance (Delta Class): 0\n",
      "Round 3 Delta Score Matrix:\n",
      "[[    0. 99771. 99731. 99748. 99758. 99720. 99717. 99771. 99722. 99708.]\n",
      " [99771.     0. 38078. 43186. 35581. 37204. 35026. 44285. 36873. 37171.]\n",
      " [99731. 38078.     0. 43003. 34933. 36144. 34293. 43383. 35951. 37818.]\n",
      " [99748. 43186. 43003.     0. 41213. 42522. 40563. 48488. 42429. 42452.]\n",
      " [99758. 35581. 34933. 41213.     0. 35076. 32322. 41706. 33868. 34703.]\n",
      " [99720. 37204. 36144. 42522. 35076.     0. 34069. 43411. 35622. 37122.]\n",
      " [99717. 35026. 34293. 40563. 32322. 34069.     0. 41984. 33683. 34453.]\n",
      " [99771. 44285. 43383. 48488. 41706. 43411. 41984.     0. 42937. 43734.]\n",
      " [99722. 36873. 35951. 42429. 33868. 35622. 33683. 42937.     0. 35903.]\n",
      " [99708. 37171. 37818. 42452. 34703. 37122. 34453. 43734. 35903.     0.]]\n",
      "Round 3 Average distances (Delta Score):\n",
      "[200946.32836705  66347.688885    65943.17682381  71776.70329804\n",
      "  64724.15090029  65691.794865    64533.07167441  72902.558191\n",
      "  65327.96456781  65914.69158649]\n",
      "Round 3, Client with highest average distance (Delta Score): 0\n",
      "Round 3 P_KS Matrix:\n",
      "[[0.00000000e+000 0.00000000e+000 0.00000000e+000 0.00000000e+000\n",
      "  0.00000000e+000 0.00000000e+000 0.00000000e+000 0.00000000e+000\n",
      "  0.00000000e+000 0.00000000e+000]\n",
      " [0.00000000e+000 0.00000000e+000 1.96018717e-003 8.68781927e-222\n",
      "  5.66531674e-060 5.33133149e-007 6.74257384e-086 1.70067277e-319\n",
      "  1.02263827e-010 1.55518284e-013]\n",
      " [0.00000000e+000 1.96018717e-003 0.00000000e+000 3.76500569e-276\n",
      "  2.31273248e-036 8.46590307e-002 3.55757715e-057 0.00000000e+000\n",
      "  3.75437868e-003 4.27006802e-004]\n",
      " [0.00000000e+000 8.68781927e-222 3.76500569e-276 0.00000000e+000\n",
      "  0.00000000e+000 1.47652929e-302 0.00000000e+000 2.38959328e-009\n",
      "  0.00000000e+000 0.00000000e+000]\n",
      " [0.00000000e+000 5.66531674e-060 2.31273248e-036 0.00000000e+000\n",
      "  0.00000000e+000 1.20649325e-027 6.96434189e-003 0.00000000e+000\n",
      "  4.12397805e-021 1.05785945e-018]\n",
      " [0.00000000e+000 5.33133149e-007 8.46590307e-002 1.47652929e-302\n",
      "  1.20649325e-027 0.00000000e+000 4.30899700e-046 0.00000000e+000\n",
      "  6.27458848e-001 1.18811421e-001]\n",
      " [0.00000000e+000 6.74257384e-086 3.55757715e-057 0.00000000e+000\n",
      "  6.96434189e-003 4.30899700e-046 0.00000000e+000 0.00000000e+000\n",
      "  1.80315873e-037 9.28539651e-033]\n",
      " [0.00000000e+000 1.70067277e-319 0.00000000e+000 2.38959328e-009\n",
      "  0.00000000e+000 0.00000000e+000 0.00000000e+000 0.00000000e+000\n",
      "  0.00000000e+000 0.00000000e+000]\n",
      " [0.00000000e+000 1.02263827e-010 3.75437868e-003 0.00000000e+000\n",
      "  4.12397805e-021 6.27458848e-001 1.80315873e-037 0.00000000e+000\n",
      "  0.00000000e+000 8.89744552e-001]\n",
      " [0.00000000e+000 1.55518284e-013 4.27006802e-004 0.00000000e+000\n",
      "  1.05785945e-018 1.18811421e-001 9.28539651e-033 0.00000000e+000\n",
      "  8.89744552e-001 0.00000000e+000]]\n",
      "Round 3 Average distances (P_KS):\n",
      "[0.2731237  0.27354618 0.30837711 0.2731237  0.27536977 0.60119646\n",
      " 0.27536977 0.2731237  1.0109872  0.79524494]\n",
      "Round 3, Client with highest average distance (P_KS): 8\n",
      "Round 3 P_X2 Matrix:\n",
      "[[0.00000000e+00 7.78442172e-12 7.76893775e-17 4.35302627e-12\n",
      "  3.31612817e-12 1.41630405e-13 5.75704013e-14 4.45634945e-12\n",
      "  2.95558573e-09 2.93826213e-09]\n",
      " [7.78442172e-12 0.00000000e+00 0.00000000e+00 0.00000000e+00\n",
      "  0.00000000e+00 0.00000000e+00 0.00000000e+00 0.00000000e+00\n",
      "  0.00000000e+00 0.00000000e+00]\n",
      " [7.76893775e-17 0.00000000e+00 0.00000000e+00 0.00000000e+00\n",
      "  0.00000000e+00 0.00000000e+00 0.00000000e+00 0.00000000e+00\n",
      "  0.00000000e+00 0.00000000e+00]\n",
      " [4.35302627e-12 0.00000000e+00 0.00000000e+00 0.00000000e+00\n",
      "  0.00000000e+00 0.00000000e+00 0.00000000e+00 0.00000000e+00\n",
      "  0.00000000e+00 0.00000000e+00]\n",
      " [3.31612817e-12 0.00000000e+00 0.00000000e+00 0.00000000e+00\n",
      "  0.00000000e+00 0.00000000e+00 0.00000000e+00 0.00000000e+00\n",
      "  0.00000000e+00 0.00000000e+00]\n",
      " [1.41630405e-13 0.00000000e+00 0.00000000e+00 0.00000000e+00\n",
      "  0.00000000e+00 0.00000000e+00 0.00000000e+00 0.00000000e+00\n",
      "  0.00000000e+00 0.00000000e+00]\n",
      " [5.75704013e-14 0.00000000e+00 0.00000000e+00 0.00000000e+00\n",
      "  0.00000000e+00 0.00000000e+00 0.00000000e+00 0.00000000e+00\n",
      "  0.00000000e+00 0.00000000e+00]\n",
      " [4.45634945e-12 0.00000000e+00 0.00000000e+00 0.00000000e+00\n",
      "  0.00000000e+00 0.00000000e+00 0.00000000e+00 0.00000000e+00\n",
      "  0.00000000e+00 0.00000000e+00]\n",
      " [2.95558573e-09 0.00000000e+00 0.00000000e+00 0.00000000e+00\n",
      "  0.00000000e+00 0.00000000e+00 0.00000000e+00 0.00000000e+00\n",
      "  0.00000000e+00 0.00000000e+00]\n",
      " [2.93826213e-09 0.00000000e+00 0.00000000e+00 0.00000000e+00\n",
      "  0.00000000e+00 0.00000000e+00 0.00000000e+00 0.00000000e+00\n",
      "  0.00000000e+00 0.00000000e+00]]\n",
      "Round 3 Average distances (P_X2):\n",
      "[3.93817953e-09 1.00802791e-09 1.00815674e-09 1.00701865e-09\n",
      " 1.00712225e-09 1.00807447e-09 1.00811650e-09 1.00702900e-09\n",
      " 2.57955678e-09 2.56643008e-09]\n",
      "Round 3, Client with highest average distance (P_X2): 0\n",
      "Round 4, Metrics: OrderedDict([('broadcast', ()), ('aggregation', OrderedDict([('value_sum_process', ()), ('weight_sum_process', ())])), ('train', OrderedDict([('sparse_categorical_accuracy', 0.9421333), ('loss', 0.19945201)]))])\n",
      "Round 4 Delta Class Matrix:\n",
      "[[   0. 8768. 8814. 8843. 8887. 8872. 8784. 8967. 8808. 8837.]\n",
      " [8768.    0. 1879. 1961. 1879. 1932. 2003. 1976. 1892. 1839.]\n",
      " [8814. 1879.    0. 1748. 1850. 1771. 1840. 1964. 1741. 1739.]\n",
      " [8843. 1961. 1748.    0. 1885. 1829. 1826. 2013. 1675. 1750.]\n",
      " [8887. 1879. 1850. 1885.    0. 1831. 1817. 1943. 1773. 1738.]\n",
      " [8872. 1932. 1771. 1829. 1831.    0. 1815. 1994. 1839. 1787.]\n",
      " [8784. 2003. 1840. 1826. 1817. 1815.    0. 2062. 1744. 1748.]\n",
      " [8967. 1976. 1964. 2013. 1943. 1994. 2062.    0. 1930. 1890.]\n",
      " [8808. 1892. 1741. 1675. 1773. 1839. 1744. 1930.    0. 1696.]\n",
      " [8837. 1839. 1739. 1750. 1738. 1787. 1748. 1890. 1696.    0.]]\n",
      "Round 4 Average distances (Delta Class):\n",
      "[21060.19997241  4510.70468777  4412.50282125  4430.85912682\n",
      "  4435.50160019  4443.162482    4446.85432443  4581.21608137\n",
      "  4390.94120217  4381.94568131]\n",
      "Round 4, Client with highest average distance (Delta Class): 0\n",
      "Round 4 Delta Score Matrix:\n",
      "[[    0. 99696. 99698. 99717. 99715. 99711. 99797. 99708. 99756. 99700.]\n",
      " [99696.     0. 31528. 34398. 34092. 36524. 48396. 33712. 36408. 29080.]\n",
      " [99698. 31528.     0. 35649. 35385. 37248. 49214. 35540. 38259. 30517.]\n",
      " [99717. 34398. 35649.     0. 37657. 39911. 50629. 37795. 39332. 33406.]\n",
      " [99715. 34092. 35385. 37657.     0. 37942. 50325. 37041. 40234. 32850.]\n",
      " [99711. 36524. 37248. 39911. 37942.     0. 52159. 39281. 42136. 34908.]\n",
      " [99797. 48396. 49214. 50629. 50325. 52159.     0. 51152. 51738. 47516.]\n",
      " [99708. 33712. 35540. 37795. 37041. 39281. 51152.     0. 40228. 32968.]\n",
      " [99756. 36408. 38259. 39332. 40234. 42136. 51738. 40228.     0. 35839.]\n",
      " [99700. 29080. 30517. 33406. 32850. 34908. 47516. 32968. 35839.     0.]]\n",
      "Round 4 Average distances (Delta Score):\n",
      "[200132.35030977  65214.01260678  65758.36077559  67172.28249892\n",
      "  66831.64217565  68556.04555946  84195.5105733   67050.0126412\n",
      "  69130.907664    64956.64689166]\n",
      "Round 4, Client with highest average distance (Delta Score): 0\n",
      "Round 4 P_KS Matrix:\n",
      "[[0.00000000e+000 0.00000000e+000 0.00000000e+000 0.00000000e+000\n",
      "  0.00000000e+000 0.00000000e+000 0.00000000e+000 0.00000000e+000\n",
      "  0.00000000e+000 0.00000000e+000]\n",
      " [0.00000000e+000 0.00000000e+000 1.51627098e-033 8.39696919e-173\n",
      "  3.24089811e-104 8.74066876e-227 0.00000000e+000 3.23971504e-120\n",
      "  0.00000000e+000 8.16949520e-008]\n",
      " [0.00000000e+000 1.51627098e-033 0.00000000e+000 7.10894479e-055\n",
      "  3.72344157e-020 9.51554941e-087 0.00000000e+000 1.89199322e-027\n",
      "  1.54234952e-165 1.55079666e-067]\n",
      " [0.00000000e+000 8.39696919e-173 7.10894479e-055 0.00000000e+000\n",
      "  4.46827904e-009 3.05695231e-004 0.00000000e+000 3.37308072e-005\n",
      "  4.48826090e-031 3.53689594e-242]\n",
      " [0.00000000e+000 3.24089811e-104 3.72344157e-020 4.46827904e-009\n",
      "  0.00000000e+000 5.17760868e-024 0.00000000e+000 7.96785929e-003\n",
      "  2.21298437e-071 2.52635274e-159]\n",
      " [0.00000000e+000 8.74066876e-227 9.51554941e-087 3.05695231e-004\n",
      "  5.17760868e-024 0.00000000e+000 0.00000000e+000 3.09545063e-017\n",
      "  1.91504290e-013 2.14077006e-305]\n",
      " [0.00000000e+000 0.00000000e+000 0.00000000e+000 0.00000000e+000\n",
      "  0.00000000e+000 0.00000000e+000 0.00000000e+000 0.00000000e+000\n",
      "  0.00000000e+000 0.00000000e+000]\n",
      " [0.00000000e+000 3.23971504e-120 1.89199322e-027 3.37308072e-005\n",
      "  7.96785929e-003 3.09545063e-017 0.00000000e+000 0.00000000e+000\n",
      "  4.47490570e-059 4.74899279e-179]\n",
      " [0.00000000e+000 0.00000000e+000 1.54234952e-165 4.48826090e-031\n",
      "  2.21298437e-071 1.91504290e-013 0.00000000e+000 4.47490570e-059\n",
      "  0.00000000e+000 0.00000000e+000]\n",
      " [0.00000000e+000 8.16949520e-008 1.55079666e-067 3.53689594e-242\n",
      "  2.52635274e-159 2.14077006e-305 0.00000000e+000 4.74899279e-179\n",
      "  0.00000000e+000 0.00000000e+000]]\n",
      "Round 4 Average distances (P_KS):\n",
      "[0.00165492 0.00165495 0.00165492 0.00181928 0.00749892 0.0018214\n",
      " 0.00165492 0.00750222 0.00165492 0.00165495]\n",
      "Round 4, Client with highest average distance (P_KS): 7\n",
      "Round 4 P_X2 Matrix:\n",
      "[[0.00000000e+00 1.70238749e-06 1.38255046e-07 2.24630705e-15\n",
      "  1.56504573e-11 1.21049461e-07 1.27679664e-12 1.84637539e-06\n",
      "  8.09019189e-14 4.95002346e-12]\n",
      " [1.70238749e-06 0.00000000e+00 0.00000000e+00 0.00000000e+00\n",
      "  0.00000000e+00 0.00000000e+00 0.00000000e+00 0.00000000e+00\n",
      "  0.00000000e+00 0.00000000e+00]\n",
      " [1.38255046e-07 0.00000000e+00 0.00000000e+00 0.00000000e+00\n",
      "  0.00000000e+00 0.00000000e+00 0.00000000e+00 0.00000000e+00\n",
      "  0.00000000e+00 0.00000000e+00]\n",
      " [2.24630705e-15 0.00000000e+00 0.00000000e+00 0.00000000e+00\n",
      "  0.00000000e+00 0.00000000e+00 0.00000000e+00 0.00000000e+00\n",
      "  0.00000000e+00 0.00000000e+00]\n",
      " [1.56504573e-11 0.00000000e+00 0.00000000e+00 0.00000000e+00\n",
      "  0.00000000e+00 0.00000000e+00 0.00000000e+00 0.00000000e+00\n",
      "  0.00000000e+00 0.00000000e+00]\n",
      " [1.21049461e-07 0.00000000e+00 0.00000000e+00 0.00000000e+00\n",
      "  0.00000000e+00 0.00000000e+00 0.00000000e+00 0.00000000e+00\n",
      "  0.00000000e+00 0.00000000e+00]\n",
      " [1.27679664e-12 0.00000000e+00 0.00000000e+00 0.00000000e+00\n",
      "  0.00000000e+00 0.00000000e+00 0.00000000e+00 0.00000000e+00\n",
      "  0.00000000e+00 0.00000000e+00]\n",
      " [1.84637539e-06 0.00000000e+00 0.00000000e+00 0.00000000e+00\n",
      "  0.00000000e+00 0.00000000e+00 0.00000000e+00 0.00000000e+00\n",
      "  0.00000000e+00 0.00000000e+00]\n",
      " [8.09019189e-14 0.00000000e+00 0.00000000e+00 0.00000000e+00\n",
      "  0.00000000e+00 0.00000000e+00 0.00000000e+00 0.00000000e+00\n",
      "  0.00000000e+00 0.00000000e+00]\n",
      " [4.95002346e-12 0.00000000e+00 0.00000000e+00 0.00000000e+00\n",
      "  0.00000000e+00 0.00000000e+00 0.00000000e+00 0.00000000e+00\n",
      "  0.00000000e+00 0.00000000e+00]]\n",
      "Round 4 Average distances (P_X2):\n",
      "[2.37957353e-06 1.48409653e-06 6.50263693e-07 6.32622210e-07\n",
      " 6.32619385e-07 6.45013548e-07 6.32621557e-07 1.59318033e-06\n",
      " 6.32622155e-07 6.32620455e-07]\n",
      "Round 4, Client with highest average distance (P_X2): 0\n",
      "Round 5, Metrics: OrderedDict([('broadcast', ()), ('aggregation', OrderedDict([('value_sum_process', ()), ('weight_sum_process', ())])), ('train', OrderedDict([('sparse_categorical_accuracy', 0.94881666), ('loss', 0.17435625)]))])\n",
      "Round 5 Delta Class Matrix:\n",
      "[[   0. 8856. 8828. 8802. 8877. 8852. 8844. 8937. 8983. 8867.]\n",
      " [8856.    0. 2081. 1902. 1971. 1958. 2016. 1850. 2026. 1908.]\n",
      " [8828. 2081.    0. 1966. 2091. 2025. 2103. 2004. 2138. 1947.]\n",
      " [8802. 1902. 1966.    0. 1944. 1824. 2024. 1863. 2011. 1817.]\n",
      " [8877. 1971. 2091. 1944.    0. 1877. 1975. 1857. 2116. 1833.]\n",
      " [8852. 1958. 2025. 1824. 1877.    0. 2019. 1834. 2017. 1811.]\n",
      " [8844. 2016. 2103. 2024. 1975. 2019.    0. 1958. 2113. 2023.]\n",
      " [8937. 1850. 2004. 1863. 1857. 1834. 1958.    0. 1920. 1797.]\n",
      " [8983. 2026. 2138. 2011. 2116. 2017. 2113. 1920.    0. 1993.]\n",
      " [8867. 1908. 1947. 1817. 1833. 1811. 2023. 1797. 1993.    0.]]\n",
      "Round 5 Average distances (Delta Class):\n",
      "[20904.71670795  4551.18333661  4631.78351132  4512.05234431\n",
      "  4547.89024508  4514.73760232  4615.73195738  4494.16067493\n",
      "  4638.14233401  4494.34809049]\n",
      "Round 5, Client with highest average distance (Delta Class): 0\n",
      "Round 5 Delta Score Matrix:\n",
      "[[    0. 99907. 99906. 99906. 99915. 99912. 99904. 99910. 99909. 99900.]\n",
      " [99907.     0. 45909. 39547. 45753. 45235. 43475. 46284. 42502. 38200.]\n",
      " [99906. 45909.     0. 37841. 44920. 43339. 43090. 45815. 42124. 36713.]\n",
      " [99906. 39547. 37841.     0. 38790. 36536. 35537. 38993. 34491. 28103.]\n",
      " [99915. 45753. 44920. 38790.     0. 43425. 42542. 45074. 42698. 37171.]\n",
      " [99912. 45235. 43339. 36536. 43425.     0. 41940. 43965. 41166. 35539.]\n",
      " [99904. 43475. 43090. 35537. 42542. 41940.     0. 42924. 39160. 34242.]\n",
      " [99910. 46284. 45815. 38993. 45074. 43965. 42924.     0. 42122. 37614.]\n",
      " [99909. 42502. 42124. 34491. 42698. 41166. 39160. 42122.     0. 33392.]\n",
      " [99900. 38200. 36713. 28103. 37171. 35539. 34242. 37614. 33392.     0.]]\n",
      "Round 5 Average distances (Delta Score):\n",
      "[197903.2539426   71590.35104324  70499.18336404  65846.3421829\n",
      "  70584.58254187  69301.57707147  68287.76445169  70946.54038367\n",
      "  67724.33508201  65685.48753068]\n",
      "Round 5, Client with highest average distance (Delta Score): 0\n",
      "Round 5 P_KS Matrix:\n",
      "[[0.00000000e+000 0.00000000e+000 0.00000000e+000 0.00000000e+000\n",
      "  0.00000000e+000 0.00000000e+000 0.00000000e+000 0.00000000e+000\n",
      "  0.00000000e+000 0.00000000e+000]\n",
      " [0.00000000e+000 0.00000000e+000 1.54450665e-015 0.00000000e+000\n",
      "  1.95376252e-002 3.87503718e-039 2.58388584e-124 4.85423069e-004\n",
      "  3.81089281e-172 0.00000000e+000]\n",
      " [0.00000000e+000 1.54450665e-015 0.00000000e+000 0.00000000e+000\n",
      "  2.67952559e-009 8.27557339e-007 1.04207522e-055 1.09250246e-011\n",
      "  5.69557409e-089 0.00000000e+000]\n",
      " [0.00000000e+000 0.00000000e+000 0.00000000e+000 0.00000000e+000\n",
      "  0.00000000e+000 0.00000000e+000 8.94772983e-232 0.00000000e+000\n",
      "  7.89264603e-176 4.45969287e-008]\n",
      " [0.00000000e+000 1.95376252e-002 2.67952559e-009 0.00000000e+000\n",
      "  0.00000000e+000 5.13481593e-028 1.70543371e-103 2.29073139e-001\n",
      "  2.96954338e-147 0.00000000e+000]\n",
      " [0.00000000e+000 3.87503718e-039 8.27557339e-007 0.00000000e+000\n",
      "  5.13481593e-028 0.00000000e+000 1.20873851e-024 1.30822709e-034\n",
      "  7.93381463e-048 0.00000000e+000]\n",
      " [0.00000000e+000 2.58388584e-124 1.04207522e-055 8.94772983e-232\n",
      "  1.70543371e-103 1.20873851e-024 0.00000000e+000 3.84206997e-116\n",
      "  2.25895227e-004 0.00000000e+000]\n",
      " [0.00000000e+000 4.85423069e-004 1.09250246e-011 0.00000000e+000\n",
      "  2.29073139e-001 1.30822709e-034 3.84206997e-116 0.00000000e+000\n",
      "  1.50474708e-162 0.00000000e+000]\n",
      " [0.00000000e+000 3.81089281e-172 5.69557409e-089 7.89264603e-176\n",
      "  2.96954338e-147 7.93381463e-048 2.25895227e-004 1.50474708e-162\n",
      "  0.00000000e+000 7.15862306e-256]\n",
      " [0.00000000e+000 0.00000000e+000 0.00000000e+000 4.45969287e-008\n",
      "  0.00000000e+000 0.00000000e+000 0.00000000e+000 0.00000000e+000\n",
      "  7.15862306e-256 0.00000000e+000]]\n",
      "Round 5 Average distances (P_KS):\n",
      "[0.04789757 0.05765964 0.04789776 0.04789757 0.21641035 0.04789776\n",
      " 0.04799726 0.21375705 0.04799726 0.04789757]\n",
      "Round 5, Client with highest average distance (P_KS): 4\n",
      "Round 5 P_X2 Matrix:\n",
      "[[0.         1.         1.         0.99999979 1.         1.\n",
      "  1.         1.         1.         1.        ]\n",
      " [1.         0.         0.         0.         0.         0.\n",
      "  0.         0.         0.         0.        ]\n",
      " [1.         0.         0.         0.         0.         0.\n",
      "  0.         0.         0.         0.        ]\n",
      " [0.99999979 0.         0.         0.         0.         0.\n",
      "  0.         0.         0.         0.        ]\n",
      " [1.         0.         0.         0.         0.         0.\n",
      "  0.         0.         0.         0.        ]\n",
      " [1.         0.         0.         0.         0.         0.\n",
      "  0.         0.         0.         0.        ]\n",
      " [1.         0.         0.         0.         0.         0.\n",
      "  0.         0.         0.         0.        ]\n",
      " [1.         0.         0.         0.         0.         0.\n",
      "  0.         0.         0.         0.        ]\n",
      " [1.         0.         0.         0.         0.         0.\n",
      "  0.         0.         0.         0.        ]\n",
      " [1.         0.         0.         0.         0.         0.\n",
      "  0.         0.         0.         0.        ]]\n",
      "Round 5 Average distances (P_X2):\n",
      "[2.84604983 0.31622778 0.31622778 0.31622792 0.31622778 0.31622778\n",
      " 0.31622778 0.31622778 0.31622778 0.31622778]\n",
      "Round 5, Client with highest average distance (P_X2): 0\n",
      "Round 6, Metrics: OrderedDict([('broadcast', ()), ('aggregation', OrderedDict([('value_sum_process', ()), ('weight_sum_process', ())])), ('train', OrderedDict([('sparse_categorical_accuracy', 0.95446664), ('loss', 0.15565097)]))])\n",
      "Round 6 Delta Class Matrix:\n",
      "[[   0. 8871. 8830. 8730. 8937. 8964. 8911. 8902. 8816. 8917.]\n",
      " [8871.    0. 1802. 2012. 1717. 1792. 1984. 1902. 1816. 1878.]\n",
      " [8830. 1802.    0. 1972. 1687. 1815. 1932. 1887. 1853. 1906.]\n",
      " [8730. 2012. 1972.    0. 1938. 1995. 2175. 2084. 2006. 2128.]\n",
      " [8937. 1717. 1687. 1938.    0. 1659. 1888. 1810. 1813. 1773.]\n",
      " [8964. 1792. 1815. 1995. 1659.    0. 1948. 1895. 1888. 1912.]\n",
      " [8911. 1984. 1932. 2175. 1888. 1948.    0. 2043. 2072. 2075.]\n",
      " [8902. 1902. 1887. 2084. 1810. 1895. 2043.    0. 1955. 2015.]\n",
      " [8816. 1816. 1853. 2006. 1813. 1888. 2072. 1955.    0. 2065.]\n",
      " [8917. 1878. 1906. 2128. 1773. 1912. 2075. 2015. 2065.    0.]]\n",
      "Round 6 Average distances (Delta Class):\n",
      "[21006.96041101  4471.37539308  4465.17629829  4640.49170894\n",
      "  4429.65321104  4476.7729749   4617.1438463   4545.80023017\n",
      "  4529.32332691  4568.3973959 ]\n",
      "Round 6, Client with highest average distance (Delta Class): 0\n",
      "Round 6 Delta Score Matrix:\n",
      "[[    0. 99446. 99414. 99351. 99623. 99628. 99743. 99660. 99363. 99438.]\n",
      " [99446.     0. 33171. 34516. 35167. 35262. 53483. 43905. 31565. 37222.]\n",
      " [99414. 33171.     0. 33542. 34360. 34379. 53642. 42697. 30662. 36357.]\n",
      " [99351. 34516. 33542.     0. 36182. 35975. 55474. 44369. 30752. 37479.]\n",
      " [99623. 35167. 34360. 36182.     0. 35696. 54258. 44416. 33392. 38227.]\n",
      " [99628. 35262. 34379. 35975. 35696.     0. 54114. 43941. 33247. 38349.]\n",
      " [99743. 53483. 53642. 55474. 54258. 54114.     0. 58935. 53214. 54836.]\n",
      " [99660. 43905. 42697. 44369. 44416. 43941. 58935.     0. 42413. 45937.]\n",
      " [99363. 31565. 30662. 30752. 33392. 33247. 53214. 42413.     0. 35213.]\n",
      " [99438. 37222. 36357. 37479. 38227. 38349. 54836. 45937. 35213.     0.]]\n",
      "Round 6 Average distances (Delta Score):\n",
      "[196376.3004496   67595.90966595  67241.17409032  67913.80741956\n",
      "  68198.98598752  68138.14251705  91714.13141293  76014.74856073\n",
      "  66893.80958049  69419.05823509]\n",
      "Round 6, Client with highest average distance (Delta Score): 0\n",
      "Round 6 P_KS Matrix:\n",
      "[[0.00000000e+000 0.00000000e+000 0.00000000e+000 0.00000000e+000\n",
      "  0.00000000e+000 0.00000000e+000 0.00000000e+000 0.00000000e+000\n",
      "  0.00000000e+000 0.00000000e+000]\n",
      " [0.00000000e+000 0.00000000e+000 2.14823339e-006 6.62101965e-009\n",
      "  2.33185570e-016 3.66202035e-011 0.00000000e+000 0.00000000e+000\n",
      "  1.53454245e-073 5.74242096e-077]\n",
      " [0.00000000e+000 2.14823339e-006 0.00000000e+000 5.60370135e-001\n",
      "  5.30378169e-041 8.32475734e-033 0.00000000e+000 0.00000000e+000\n",
      "  3.92048295e-038 5.18512509e-125]\n",
      " [0.00000000e+000 6.62101965e-009 5.60370135e-001 0.00000000e+000\n",
      "  3.16514764e-047 3.48433252e-038 0.00000000e+000 0.00000000e+000\n",
      "  1.09365049e-032 2.53836994e-135]\n",
      " [0.00000000e+000 2.33185570e-016 5.30378169e-041 3.16514764e-047\n",
      "  0.00000000e+000 2.08584813e-001 0.00000000e+000 0.00000000e+000\n",
      "  1.69956286e-156 1.57588839e-023]\n",
      " [0.00000000e+000 3.66202035e-011 8.32475734e-033 3.48433252e-038\n",
      "  2.08584813e-001 0.00000000e+000 0.00000000e+000 0.00000000e+000\n",
      "  3.27396299e-140 2.07842885e-030]\n",
      " [0.00000000e+000 0.00000000e+000 0.00000000e+000 0.00000000e+000\n",
      "  0.00000000e+000 0.00000000e+000 0.00000000e+000 0.00000000e+000\n",
      "  0.00000000e+000 0.00000000e+000]\n",
      " [0.00000000e+000 0.00000000e+000 0.00000000e+000 0.00000000e+000\n",
      "  0.00000000e+000 0.00000000e+000 0.00000000e+000 0.00000000e+000\n",
      "  0.00000000e+000 0.00000000e+000]\n",
      " [0.00000000e+000 1.53454245e-073 3.92048295e-038 1.09365049e-032\n",
      "  1.69956286e-156 3.27396299e-140 0.00000000e+000 0.00000000e+000\n",
      "  0.00000000e+000 1.16640307e-299]\n",
      " [0.00000000e+000 5.74242096e-077 5.18512509e-125 2.53836994e-135\n",
      "  1.57588839e-023 2.07842885e-030 0.00000000e+000 0.00000000e+000\n",
      "  1.16640307e-299 0.00000000e+000]]\n",
      "Round 6 Average distances (P_KS):\n",
      "[0.1537912  0.15379185 0.53505672 0.53505651 0.27423557 0.27423557\n",
      " 0.1537912  0.1537912  0.1537912  0.1537912 ]\n",
      "Round 6, Client with highest average distance (P_KS): 2\n",
      "Round 6 P_X2 Matrix:\n",
      "[[0. 1. 1. 1. 1. 1. 1. 1. 1. 1.]\n",
      " [1. 0. 0. 0. 0. 0. 0. 0. 0. 0.]\n",
      " [1. 0. 0. 0. 0. 0. 0. 0. 0. 0.]\n",
      " [1. 0. 0. 0. 0. 0. 0. 0. 0. 0.]\n",
      " [1. 0. 0. 0. 0. 0. 0. 0. 0. 0.]\n",
      " [1. 0. 0. 0. 0. 0. 0. 0. 0. 0.]\n",
      " [1. 0. 0. 0. 0. 0. 0. 0. 0. 0.]\n",
      " [1. 0. 0. 0. 0. 0. 0. 0. 0. 0.]\n",
      " [1. 0. 0. 0. 0. 0. 0. 0. 0. 0.]\n",
      " [1. 0. 0. 0. 0. 0. 0. 0. 0. 0.]]\n",
      "Round 6 Average distances (P_X2):\n",
      "[2.84604989 0.31622777 0.31622777 0.31622777 0.31622777 0.31622777\n",
      " 0.31622777 0.31622777 0.31622777 0.31622777]\n",
      "Round 6, Client with highest average distance (P_X2): 0\n",
      "Round 7, Metrics: OrderedDict([('broadcast', ()), ('aggregation', OrderedDict([('value_sum_process', ()), ('weight_sum_process', ())])), ('train', OrderedDict([('sparse_categorical_accuracy', 0.9587333), ('loss', 0.14105327)]))])\n",
      "Round 7 Delta Class Matrix:\n",
      "[[   0. 8764. 8659. 8989. 8608. 8991. 8932. 9168. 8807. 8933.]\n",
      " [8764.    0. 1970. 1907. 1829. 1921. 1898. 1991. 1916. 1944.]\n",
      " [8659. 1970.    0. 1989. 2047. 2113. 1904. 2160. 2122. 1941.]\n",
      " [8989. 1907. 1989.    0. 1932. 1972. 1926. 1921. 2018. 1968.]\n",
      " [8608. 1829. 2047. 1932.    0. 1984. 1979. 2015. 2044. 2000.]\n",
      " [8991. 1921. 2113. 1972. 1984.    0. 2018. 2034. 2054. 1969.]\n",
      " [8932. 1898. 1904. 1926. 1979. 2018.    0. 2085. 2053. 1893.]\n",
      " [9168. 1991. 2160. 1921. 2015. 2034. 2085.    0. 2133. 2096.]\n",
      " [8807. 1916. 2122. 2018. 2044. 2054. 2053. 2133.    0. 2214.]\n",
      " [8933. 1944. 1941. 1968. 2000. 1969. 1893. 2096. 2214.    0.]]\n",
      "Round 7 Average distances (Delta Class):\n",
      "[20830.50759495  4525.28159319  4616.63487787  4558.63178464\n",
      "  4568.79484275  4604.01047442  4567.43670441  4670.00980205\n",
      "  4656.48652817  4598.20280651]\n",
      "Round 7, Client with highest average distance (Delta Class): 0\n",
